              0
              0
              0
              0
              0
              0
              0
              0
    0.000126651
     0.00127838
    0.000974893
       0.999078
     0.00309549
     0.00376434
     0.00274471
     0.00476241
     0.00526228
     0.00502707
       0.139985
     0.00372349
     0.00429747
      0.0719284
     0.00383339
     0.00397802
       0.140157
      0.0968153
      0.0966518
     0.00503429
     0.00488574
     0.00490959
     0.00475393
       0.159679
       0.205657
     0.00439718
     0.00434733
     0.00431836
      0.0670768
      0.0933425
     0.00447232
      0.0672981
      0.0671551
      0.0471142
     0.00410032
      0.0355115
      0.0330067
      0.0330192
     0.00377499
      0.0464298
     0.00378782
     0.00370286
     0.00378173
       0.003718
     0.00365582
      0.0616158
      0.0324555
     0.00338318
     0.00324981
      0.0229879
     0.00315871
      0.0362456
      0.0496537
       0.051786
     0.00294614
      0.0226604
      0.0120421
      0.0225939
      0.0118635
     0.00271049
      0.0160314
     0.00256676
     0.00248346
      0.0158735
     0.00240402
     0.00233892
     0.00227075
     0.00224644
     0.00840652
     0.00215768
     0.00208697
      0.0154536
     0.00621743
     0.00194198
     0.00810597
     0.00183905
      0.0109242
     0.00598356
     0.00173485
      0.0059136
     0.00585603
     0.00160934
     0.00777024
     0.00153088
     0.00148167
      0.0014454
     0.00141261
      0.0013859
     0.00616628
     0.00418592
     0.00415305
     0.00547248
      0.0044985
     0.00119126
     0.00115907
     0.00822209
     0.00396893
      0.0010681
     0.00587038
     0.00101826
    0.000990082
    0.000970821
     0.00379923
     0.00287359
    0.000896917
     0.00373926
    0.000847968
     0.00172818
    0.000805915
     0.00230033
    0.000763954
    0.000743035
    0.000721759
     0.00160714
     0.00249147
     0.00170027
    0.000650505
     0.00195975
    0.000898481
    0.000597436
     0.00119547
     0.00147146
     0.00116789
    0.000821037
    0.000941335
     0.00112278
    0.000497929
     0.00048285
    0.000888449
     0.00087467
    0.000863397
    0.000432573
    0.000419827
    0.000410873
     0.00040032
    0.000388732
    0.000572077
    0.000368568
     0.00035766
    0.000438528
    0.000756218
    0.000419782
    0.000513406
    0.000311948
    0.000434669
    0.000295465
    0.000376475
     0.00155683
    0.000540189
    0.000264674
     0.00025851
    0.000574826
    0.000436366
    0.000688436
    0.000230369
    0.000224317
    0.000218171
    0.000212174
    0.000427017
    0.000651393
     0.00032738
    0.000190132
    0.000184397
    0.000207763
    0.000174604
    0.000169947
    0.000296451
    0.000160688
    0.000156535
    0.000152059
    0.000147592
    0.000143859
     0.00014013
    0.000196873
    0.000160379
    0.000321529
    0.000256227
    0.000140477
    0.000118501
    0.000114784
    0.000111733
    0.000108871
     0.00010574
    0.000171982
     0.00016081
    0.000119191
    0.000183664
     9.1882e-05
    8.93286e-05
    8.67419e-05
    0.000173612
    8.20443e-05
    7.98308e-05
    7.75167e-05
    7.54637e-05
    7.93082e-05
    9.94096e-05
    6.93574e-05
    8.04415e-05
    8.46036e-05
    6.77766e-05
    7.34467e-05
    7.92555e-05
    5.85151e-05
      6.099e-05
    6.12892e-05
    8.16831e-05
     6.1071e-05
    5.08756e-05
     5.7589e-05
    5.40045e-05
    4.67221e-05
    4.53839e-05
    4.41426e-05
      4.416e-05
    4.17328e-05
    4.05498e-05
    3.93986e-05
    3.83247e-05
    3.72175e-05
    3.62206e-05
    3.51986e-05
    4.85671e-05
    3.32552e-05
    3.23143e-05
    3.51798e-05
    3.18037e-05
    4.87775e-05
    3.77092e-05
    2.80521e-05
    2.72739e-05
    2.79873e-05
    2.57715e-05
    2.69171e-05
    2.43464e-05
    2.77304e-05
    2.57762e-05
    2.23602e-05
    2.17261e-05
    2.11348e-05
    2.11338e-05
    1.99567e-05
    1.93984e-05
    1.88568e-05
    1.83527e-05
    2.05853e-05
    2.15793e-05
    1.68281e-05
    1.66355e-05
    1.58993e-05
    1.54639e-05
    1.50339e-05
    1.46122e-05
    1.60697e-05
    1.37953e-05
    1.34223e-05
    1.30379e-05
    1.26685e-05
    1.23121e-05
    1.22404e-05
    1.16268e-05
    1.13063e-05
    1.09978e-05
    1.09524e-05
    1.03883e-05
    1.00967e-05
      9.807e-06
    9.53785e-06
    9.85995e-06
    9.13311e-06
     8.7587e-06
    9.38302e-06
    8.27055e-06
    8.22158e-06
    7.87563e-06
    7.59557e-06
    1.14603e-05
    7.44816e-06
    6.97234e-06
    6.78317e-06
    7.18261e-06
    6.99601e-06
    8.50448e-06
    6.04599e-06
    6.00218e-06
    6.57144e-06
    6.86553e-06
    5.42233e-06
    5.24459e-06
    5.18502e-06
    4.99388e-06
     4.8192e-06
     4.6822e-06
    4.54939e-06
    4.42155e-06
    4.29591e-06
    4.17538e-06
    4.05842e-06
    3.94645e-06
    3.83469e-06
    3.75386e-06
    3.62031e-06
    3.52993e-06
    3.56781e-06
    3.39658e-06
    3.25611e-06
    3.41562e-06
    3.05179e-06
    3.02462e-06
    2.88523e-06
    2.80145e-06
    2.74183e-06
    2.70637e-06
    2.63107e-06
    2.52845e-06
    2.43028e-06
    2.40512e-06
    2.29518e-06
    2.24883e-06
    2.16774e-06
    2.10692e-06
    2.04889e-06
    1.99019e-06
    1.94287e-06
    1.87949e-06
    2.02576e-06
    1.78259e-06
    1.72539e-06
     1.6954e-06
    1.93129e-06
    1.58358e-06
    1.61907e-06
    1.51494e-06
    1.45468e-06
    1.41864e-06
     1.3733e-06
    1.34342e-06
    1.50078e-06
    1.27384e-06
    1.31111e-06
    1.23414e-06
    1.24924e-06
    1.12574e-06
    1.12006e-06
    1.07084e-06
    1.03561e-06
    1.00348e-06
    9.75063e-07
    9.65966e-07
    9.53817e-07
    8.95318e-07
    8.69983e-07
    8.53817e-07
    8.21645e-07
    7.98259e-07
    7.81682e-07
    7.54557e-07
     7.3277e-07
    7.12239e-07
     6.9259e-07
    7.58934e-07
      6.558e-07
    6.35503e-07
    6.17464e-07
    6.00226e-07
    5.83217e-07
    6.06608e-07
     5.5221e-07
     5.3565e-07
    5.20344e-07
    5.05615e-07
    4.91439e-07
    6.63918e-07
    4.99883e-07
    4.51125e-07
    4.38349e-07
    4.29985e-07
     4.1583e-07
    4.02357e-07
     3.9495e-07
    3.80223e-07
    3.69279e-07
    3.62637e-07
    3.48876e-07
    3.38982e-07
    3.29615e-07
    3.47269e-07
     3.6976e-07
    3.02416e-07
    2.93882e-07
    2.86861e-07
    2.77557e-07
    2.69906e-07
    2.62212e-07
    2.54814e-07
    2.47564e-07
    2.42416e-07
    2.52356e-07
     2.2728e-07
    2.20857e-07
    2.14653e-07
      2.086e-07
    2.02721e-07
    1.97111e-07
    1.91471e-07
    1.86063e-07
    1.80888e-07
    1.75747e-07
     1.7083e-07
    1.65989e-07
    1.61317e-07
    1.56773e-07
    1.52344e-07
    1.48041e-07
    1.43891e-07
    1.39907e-07
    1.35919e-07
    1.32072e-07
    1.28353e-07
    1.24741e-07
    1.21245e-07
    1.17805e-07
    1.14491e-07
    1.11279e-07
    1.08123e-07
    1.05076e-07
    1.02123e-07
    9.92908e-08
    9.64503e-08
    9.37301e-08
     9.1115e-08
    8.85289e-08
    8.60482e-08
    8.36178e-08
    8.12574e-08
    7.89714e-08
    7.67377e-08
    7.45782e-08
    7.24801e-08
    7.04676e-08
    6.84623e-08
    6.65246e-08
     6.4648e-08
     8.1257e-08
    6.10793e-08
    5.93346e-08
    5.76665e-08
     5.6045e-08
    5.44587e-08
    6.54585e-08
    5.14585e-08
    4.99891e-08
    4.85802e-08
    4.72209e-08
    4.58815e-08
    4.45974e-08
    4.33364e-08
    4.21101e-08
    4.09268e-08
     3.9771e-08
    3.86495e-08
    3.75622e-08
    3.65177e-08
    3.54816e-08
    3.44756e-08
     3.3504e-08
    3.25594e-08
     3.1649e-08
    3.07508e-08
     2.9883e-08
    3.17235e-08
    2.82224e-08
    2.74274e-08
    2.66548e-08
    2.59134e-08
    2.51739e-08
     2.4464e-08
    2.37791e-08
    2.31058e-08
    2.24585e-08
    2.18236e-08
    2.12063e-08
    2.06099e-08
    2.00275e-08
    1.94636e-08
    1.89153e-08
    1.83886e-08
     1.7867e-08
    1.73607e-08
    1.68711e-08
    1.63964e-08
    1.59369e-08
    1.54854e-08
    1.50479e-08
    1.46255e-08
    1.42116e-08
    1.38117e-08
    1.34223e-08
    1.30484e-08
    1.26765e-08
    1.23191e-08
    1.19747e-08
    1.16354e-08
     1.1309e-08
    1.09891e-08
    1.06789e-08
    1.03781e-08
    1.00847e-08
    9.80103e-09
    9.52778e-09
    9.25775e-09
    8.99574e-09
     8.7418e-09
    8.49539e-09
     8.2577e-09
    8.02328e-09
    7.79725e-09
    7.57801e-09
    7.36379e-09
    7.15623e-09
    6.95475e-09
    6.76059e-09
    6.56822e-09
    6.38308e-09
    6.20398e-09
    6.02832e-09
    5.85932e-09
    5.69327e-09
    5.53278e-09
    5.37702e-09
    5.22516e-09
    5.07796e-09
    4.93494e-09
    4.79717e-09
    4.66132e-09
    4.52936e-09
    4.40158e-09
    4.27753e-09
    4.15764e-09
    4.03974e-09
    3.92588e-09
     3.8154e-09
    3.70768e-09
    3.60319e-09
    3.50169e-09
    3.40389e-09
     3.3071e-09
    3.21387e-09
    3.12366e-09
    3.03525e-09
    2.95011e-09
    2.86654e-09
    2.78573e-09
     2.7073e-09
    2.63086e-09
    2.55673e-09
    2.48534e-09
    2.41499e-09
     2.3467e-09
    2.28046e-09
    2.21615e-09
    2.15406e-09
    2.09299e-09
    2.03402e-09
    1.97674e-09
    1.92095e-09
     1.8668e-09
    1.81422e-09
    1.76349e-09
     1.7134e-09
     1.6651e-09
    1.61834e-09
    1.57255e-09
    1.52842e-09
    1.48514e-09
    1.44328e-09
    1.40263e-09
    1.36304e-09
    1.32463e-09
    1.28732e-09
    1.25132e-09
    1.21591e-09
    1.18151e-09
    1.14819e-09
    1.11582e-09
    1.08452e-09
    1.05379e-09
    1.02409e-09
    9.95263e-10
    9.67172e-10
    9.39913e-10
    9.13433e-10
    8.87682e-10
    8.62666e-10
     8.3834e-10
    8.14695e-10
    7.91744e-10
    7.69415e-10
    7.47723e-10
    7.26641e-10
    7.06157e-10
    6.86247e-10
    6.66903e-10
    6.48102e-10
    6.29831e-10
    6.12076e-10
    5.94821e-10
    5.78052e-10
    5.61756e-10
    5.45919e-10
    5.30528e-10
    5.15571e-10
    5.01037e-10
    4.86912e-10
    4.73185e-10
    4.59845e-10
    4.46882e-10
    4.34283e-10
     4.2204e-10
    4.10142e-10
     3.9858e-10
    3.87343e-10
    3.76423e-10
    3.65811e-10
    3.55498e-10
    3.45476e-10
    3.35737e-10
    3.26272e-10
    3.17074e-10
    3.08135e-10
    2.99448e-10
    2.91006e-10
    2.82802e-10
     2.7483e-10
    2.67082e-10
    2.59552e-10
    2.52235e-10
    2.45124e-10
    2.38214e-10
    2.31498e-10
    2.24972e-10
     2.1863e-10
    2.12466e-10
    2.06476e-10
    2.00655e-10
    1.94999e-10
    1.89501e-10
    1.84159e-10
    1.78967e-10
    1.73922e-10
    1.69019e-10
    1.64254e-10
    1.59623e-10
    1.55123e-10
     1.5075e-10
      1.465e-10
     1.4237e-10
    1.38356e-10
    1.34456e-10
    1.30665e-10
    1.26982e-10
    1.23402e-10
    1.19923e-10
    1.16542e-10
    1.13257e-10
    1.10064e-10
    1.06961e-10
    1.03946e-10
    1.01015e-10
    9.81674e-11
    9.53999e-11
    9.27105e-11
    9.00968e-11
    8.75568e-11
    8.50885e-11
    8.26897e-11
    8.03585e-11
    7.80931e-11
    7.58915e-11
     7.3752e-11
    7.16729e-11
    6.96523e-11
    6.76887e-11
    6.57804e-11
     6.3926e-11
    6.21238e-11
    6.03724e-11
    5.86704e-11
    5.70164e-11
     5.5409e-11
     5.3847e-11
    5.23289e-11
    5.08537e-11
    4.94201e-11
    4.80268e-11
    4.66729e-11
    4.53571e-11
    4.40784e-11
    4.28358e-11
    4.16282e-11
    4.04546e-11
    3.93141e-11
    3.82058e-11
    3.71287e-11
     3.6082e-11
    3.50648e-11
    3.40763e-11
    3.31156e-11
     3.2182e-11
    3.12748e-11
    3.03931e-11
    2.95362e-11
    2.87036e-11
    2.78944e-11
     2.7108e-11
    2.63438e-11
    2.56011e-11
    2.48794e-11
     2.4178e-11
    2.34964e-11
     2.2834e-11
    2.21902e-11
    2.15647e-11
    2.09567e-11
    2.03659e-11
    1.97918e-11
    1.92338e-11
    1.86916e-11
    1.81646e-11
    1.76525e-11
    1.71549e-11
    1.66713e-11
    1.62013e-11
    1.57445e-11
    1.53007e-11
    1.48693e-11
    1.44501e-11
    1.40428e-11
    1.36469e-11
    1.32621e-11
    1.28883e-11
    1.25249e-11
    1.21718e-11
    1.18287e-11
    1.14952e-11
    1.11711e-11
    1.08562e-11
    1.05502e-11
    1.02527e-11
    9.96369e-12
     9.6828e-12
    9.40983e-12
    9.14455e-12
    8.88675e-12
    8.63622e-12
    8.39275e-12
    8.15614e-12
    7.92621e-12
    7.70276e-12
    7.48561e-12
    7.27457e-12
    7.06949e-12
    6.87019e-12
    6.67651e-12
    6.48829e-12
    6.30537e-12
    6.12762e-12
    5.95487e-12
    5.78699e-12
    5.62385e-12
     5.4653e-12
    5.31123e-12
     5.1615e-12
    5.01598e-12
    4.87458e-12
    4.73715e-12
    4.60361e-12
    4.47382e-12
     4.3477e-12
    4.22513e-12
    4.10602e-12
    3.99026e-12
    3.87777e-12
    3.76845e-12
    3.66221e-12
    3.55897e-12
    3.45864e-12
    3.36113e-12
    3.26638e-12
    3.17429e-12
     3.0848e-12
    2.99784e-12
    2.91332e-12
    2.83119e-12
    2.75138e-12
    2.67381e-12
    2.59843e-12
    2.52518e-12
    2.45399e-12
    2.38481e-12
    2.31758e-12
    2.25224e-12
    2.18875e-12
    2.12704e-12
    2.06708e-12
     2.0088e-12
    1.95217e-12
    1.89714e-12
    1.84365e-12
    1.79168e-12
    1.74117e-12
    1.69208e-12
    1.64438e-12
    1.59802e-12
    1.55297e-12
    1.50919e-12
    1.46664e-12
     1.4253e-12
    1.38512e-12
    1.34607e-12
    1.30812e-12
    1.27124e-12
     1.2354e-12
    1.20057e-12
    1.16673e-12
    1.13384e-12
    1.10187e-12
    1.07081e-12
    1.04062e-12
    1.01128e-12
    9.82774e-13
    9.55068e-13
    9.28144e-13
    9.01978e-13
     8.7655e-13
    8.51838e-13
    8.27824e-13
    8.04486e-13
    7.81806e-13
    7.59766e-13
    7.38347e-13
    7.17532e-13
    6.97303e-13
    6.77645e-13
    6.58541e-13
    6.39976e-13
    6.21934e-13
    6.04401e-13
    5.87362e-13
    5.70803e-13
    5.54711e-13
    5.39073e-13
    5.23876e-13
    5.09107e-13
    4.94754e-13
    4.80807e-13
    4.67252e-13
    4.54079e-13
    4.41278e-13
    4.28838e-13
    4.16748e-13
    4.04999e-13
    3.93582e-13
    3.82486e-13
    3.71703e-13
    3.61224e-13
    3.51041e-13
    3.41144e-13
    3.31527e-13
    3.22181e-13
    3.13098e-13
    3.04271e-13
    2.95693e-13
    2.87357e-13
    2.79256e-13
    2.71384e-13
    2.63733e-13
    2.56298e-13
    2.49072e-13
    2.42051e-13
    2.35227e-13
    2.28595e-13
    2.22151e-13
    2.15888e-13
    2.09802e-13
    2.03887e-13
    1.98139e-13
    1.92554e-13
    1.87125e-13
     1.8185e-13
    1.76723e-13
    1.71741e-13
    1.66899e-13
    1.62194e-13
    1.57622e-13
    1.53178e-13
     1.4886e-13
    1.44663e-13
    1.40585e-13
    1.36622e-13
     1.3277e-13
    1.29027e-13
     1.2539e-13
    1.21855e-13
    1.18419e-13
    1.15081e-13
    1.11837e-13
    1.08684e-13
     1.0562e-13
    1.02642e-13
    9.97486e-14
    9.69365e-14
    9.42037e-14
     9.1548e-14
    8.89671e-14
     8.6459e-14
    8.40215e-14
    8.16528e-14
    7.93509e-14
    7.71139e-14
    7.49399e-14
    7.28273e-14
    7.07741e-14
    6.87789e-14
    6.68399e-14
    6.49556e-14
    6.31244e-14
    6.13448e-14
    5.96154e-14
    5.79348e-14
    5.63015e-14
    5.47143e-14
    5.31718e-14
    5.16728e-14
    5.02161e-14
    4.88004e-14
    4.74246e-14
    4.60877e-14
    4.47884e-14
    4.35257e-14
    4.22987e-14
    4.11062e-14
    3.99473e-14
    3.88212e-14
    3.77267e-14
    3.66632e-14
    3.56296e-14
    3.46251e-14
     3.3649e-14
    3.27004e-14
    3.17785e-14
    3.08826e-14
     3.0012e-14
    2.91659e-14
    2.83437e-14
    2.75446e-14
    2.67681e-14
    2.60134e-14
    2.52801e-14
    2.45674e-14
    2.38748e-14
    2.32017e-14
    2.25476e-14
     2.1912e-14
    2.12943e-14
    2.06939e-14
    2.01105e-14
    1.95436e-14
    1.89926e-14
    1.84572e-14
    1.79369e-14
    1.74312e-14
    1.69398e-14
    1.64622e-14
    1.59981e-14
    1.55471e-14
    1.51088e-14
    1.46829e-14
    1.42689e-14
    1.38667e-14
    1.34758e-14
    1.30958e-14
    1.27267e-14
    1.23679e-14
    1.20192e-14
    1.16804e-14
    1.13511e-14
    1.10311e-14
    1.07201e-14
    1.04179e-14
    1.01242e-14
    9.83876e-15
