              0
              0
              0
              0
              0
              0
              0
              0
     0.00016425
      0.0012764
     0.00125473
     0.00300325
     0.00153646
       0.401162
       0.303257
     0.00325159
     0.00421668
     0.00595144
      0.0722144
      0.0721534
     0.00371173
      0.0718479
       0.140185
      0.0038907
     0.00402539
       0.142985
     0.00442448
       0.264056
      0.0509852
      0.0824288
     0.00465811
     0.00462698
      0.0507573
      0.0986754
      0.0984911
      0.0357283
      0.0470523
       0.139432
      0.0257763
      0.0357105
      0.0571823
      0.0469424
     0.00426311
      0.0570197
      0.0253706
       0.111541
      0.0328747
     0.00383014
      0.0182757
      0.0449927
      0.0136066
      0.0379177
      0.0379462
       0.044659
       0.024722
     0.00338477
       0.027683
      0.0131518
      0.0177379
      0.0295647
     0.00978899
      0.0164523
     0.00968531
     0.00969043
      0.0240847
     0.00286647
     0.00279739
     0.00269799
      0.0103405
      0.0215795
     0.00253076
     0.00245746
     0.00240075
     0.00693049
     0.00231766
     0.00535977
     0.00892529
     0.00215825
     0.00668768
     0.00205887
      0.0020148
     0.00864116
     0.00612851
     0.00708137
     0.00492769
     0.00488507
     0.00630029
     0.00170606
      0.0089795
     0.00826974
     0.00157245
     0.00822341
     0.00150501
     0.00145989
     0.00451878
     0.00838591
     0.00490164
      0.0034341
     0.00370817
     0.00269956
     0.00123938
     0.00283924
     0.00214834
     0.00257594
     0.00306027
     0.00108641
     0.00105432
     0.00102688
     0.00198428
     0.00142752
     0.00140565
    0.000931776
     0.00121559
    0.000881484
     0.00130747
     0.00173991
     0.00202102
    0.000794593
     0.00204713
     0.00140875
      0.0011848
     0.00136957
     0.00159771
     0.00067602
    0.000866342
    0.000640182
     0.00106998
    0.000606698
    0.000797353
     0.00144134
     0.00157214
    0.000544633
    0.000672079
    0.000823215
    0.000500676
     0.00115368
    0.000714296
    0.000604599
    0.000901606
    0.000884628
     0.00118426
    0.000623515
    0.000402684
    0.000535977
    0.000427482
     0.00037177
    0.000459348
    0.000418062
    0.000694087
     0.00103776
    0.000533437
    0.000316455
    0.000643592
    0.000747094
    0.000356265
    0.000282919
    0.000888516
    0.000454663
    0.000305444
    0.000253711
    0.000246644
    0.000391832
    0.000329227
    0.000313093
    0.000220557
    0.000386217
    0.000318835
    0.000471745
    0.000405904
    0.000480668
    0.000424989
    0.000292003
    0.000272917
    0.000216526
    0.000339345
    0.000162654
    0.000157847
    0.000153649
    0.000180132
     0.00019009
    0.000162028
    0.000230358
    0.000134176
    0.000129948
    0.000137342
    0.000123272
    0.000164055
    0.000130275
    0.000133853
     0.00014446
    0.000106985
    0.000155058
    0.000131296
    0.000105011
     0.00011924
    0.000102507
    9.98754e-05
    0.000108371
    0.000124237
    0.000103455
    8.72441e-05
    7.84166e-05
    7.63485e-05
     7.4143e-05
    7.65549e-05
    7.01451e-05
    6.82544e-05
    7.77529e-05
    6.45451e-05
    8.32954e-05
    6.17613e-05
    7.16714e-05
     7.1584e-05
    6.88808e-05
    5.43931e-05
    5.29072e-05
    7.49412e-05
    8.33353e-05
    4.86022e-05
    6.78378e-05
    7.53868e-05
    4.46537e-05
    6.79254e-05
    5.17274e-05
    4.58212e-05
    5.53073e-05
    3.87428e-05
     4.2083e-05
    3.75591e-05
    3.76558e-05
    3.66533e-05
    3.89879e-05
    3.27282e-05
    5.88574e-05
    3.19497e-05
    3.00272e-05
    2.96302e-05
    2.90213e-05
    2.90016e-05
     2.7096e-05
    2.70159e-05
    3.27915e-05
    2.46227e-05
    3.44176e-05
     2.4556e-05
    2.46678e-05
    2.28479e-05
    2.27479e-05
    2.07699e-05
    2.06322e-05
    2.16537e-05
    2.04492e-05
    1.86375e-05
    1.94282e-05
    2.14477e-05
    1.70357e-05
    1.95251e-05
    2.57201e-05
    1.62729e-05
    1.60417e-05
    1.47745e-05
     1.6493e-05
    1.49028e-05
    1.53612e-05
    1.31828e-05
    1.29576e-05
     1.3097e-05
    1.28181e-05
    1.26098e-05
    1.49015e-05
    1.21926e-05
    1.38092e-05
    1.06415e-05
    1.11882e-05
    9.92891e-06
    9.64711e-06
    9.67321e-06
    9.41141e-06
    9.05849e-06
    8.90915e-06
    8.73615e-06
    8.13533e-06
    7.93182e-06
    8.11518e-06
    8.85338e-06
    7.25945e-06
    7.05721e-06
    7.20036e-06
    7.05296e-06
    6.97933e-06
    6.29461e-06
    6.21507e-06
    6.08323e-06
    5.79803e-06
    5.66026e-06
    5.59555e-06
    5.39935e-06
    5.25147e-06
    5.01598e-06
    5.30943e-06
    4.73512e-06
     4.6167e-06
    4.53589e-06
    4.36336e-06
     4.2246e-06
    4.28545e-06
    4.00014e-06
    3.90775e-06
    3.77064e-06
    3.72241e-06
    3.56105e-06
    3.56625e-06
    3.36484e-06
    3.87269e-06
    3.21687e-06
    3.11084e-06
     3.0148e-06
    2.92271e-06
     3.1607e-06
    2.75598e-06
    2.67841e-06
     2.6234e-06
    2.53036e-06
    2.47396e-06
     2.3893e-06
     2.3314e-06
    2.27068e-06
    2.20885e-06
    2.15161e-06
    2.07125e-06
    2.12646e-06
    1.95715e-06
    2.06812e-06
     1.8548e-06
     1.7975e-06
     1.7613e-06
    1.70282e-06
    1.65899e-06
     1.8131e-06
    1.55746e-06
    1.79842e-06
    1.47084e-06
     1.4297e-06
    1.38973e-06
    1.38106e-06
    1.42599e-06
    1.27581e-06
    1.24246e-06
    1.22479e-06
    1.17077e-06
    1.15016e-06
    1.11414e-06
    1.09749e-06
    1.05789e-06
    1.01663e-06
     9.8653e-07
    9.59326e-07
    9.79052e-07
    9.13679e-07
    8.81005e-07
    8.60451e-07
    8.33322e-07
    8.09736e-07
    7.84985e-07
    7.64879e-07
    7.41508e-07
    7.30211e-07
    7.00245e-07
    6.82708e-07
    6.66066e-07
    6.63722e-07
    6.31089e-07
    6.07261e-07
    6.53559e-07
    5.79807e-07
    5.57318e-07
    5.41622e-07
    5.26528e-07
    5.11653e-07
    4.97112e-07
    4.83113e-07
    4.69823e-07
    4.60711e-07
    4.43607e-07
    4.48129e-07
    4.20923e-07
    4.07071e-07
    3.97596e-07
    3.84477e-07
    3.73666e-07
    3.66119e-07
    3.53515e-07
    3.44471e-07
    3.34941e-07
    3.23935e-07
    3.14867e-07
     3.0597e-07
    2.97993e-07
    2.88989e-07
     2.8375e-07
    2.86453e-07
    2.65261e-07
    2.57814e-07
    2.51828e-07
    2.90813e-07
    2.42965e-07
    2.29949e-07
    2.43413e-07
    2.17212e-07
    2.11064e-07
    2.05104e-07
    1.99343e-07
    1.93722e-07
     1.8832e-07
    1.82954e-07
    1.77841e-07
    1.72853e-07
    1.67928e-07
    1.67033e-07
    1.58622e-07
    1.54166e-07
    1.49798e-07
    1.45568e-07
    1.41488e-07
    1.37502e-07
    1.33653e-07
    1.29852e-07
    1.26196e-07
    1.42643e-07
     1.2345e-07
    1.15842e-07
    1.12583e-07
     1.0942e-07
    1.10587e-07
    1.16868e-07
    1.00419e-07
    9.75889e-08
    9.48586e-08
    9.21565e-08
    9.02072e-08
    8.70726e-08
    8.45923e-08
    8.22181e-08
    7.98964e-08
    7.76594e-08
     7.5461e-08
    7.95946e-08
    7.12632e-08
    6.92611e-08
    6.86551e-08
    6.54093e-08
    6.35671e-08
     6.1803e-08
    6.00364e-08
    5.96943e-08
    5.67087e-08
    5.51018e-08
    5.35543e-08
    5.20395e-08
    5.05769e-08
     4.9164e-08
    4.77651e-08
    4.64299e-08
    4.51235e-08
    4.38421e-08
    4.26128e-08
    4.14064e-08
    4.02457e-08
    3.91075e-08
    3.80021e-08
    3.69341e-08
    3.58926e-08
    3.55043e-08
    3.38978e-08
    3.29433e-08
    3.20277e-08
    3.24521e-08
    3.02379e-08
    2.93845e-08
     2.8559e-08
    2.92827e-08
    2.69682e-08
    2.62092e-08
    2.54707e-08
    2.47562e-08
    2.40544e-08
    2.33817e-08
     2.2724e-08
    2.20783e-08
    2.14576e-08
    2.08531e-08
    2.02665e-08
    1.96934e-08
    1.91367e-08
    1.85986e-08
    1.80747e-08
    1.75677e-08
    1.70695e-08
    1.65891e-08
     1.6127e-08
    1.56672e-08
    1.52265e-08
    1.47979e-08
    1.43813e-08
    1.39748e-08
    1.35796e-08
     1.3198e-08
     1.2826e-08
    1.24667e-08
     1.2113e-08
    1.17738e-08
    1.20622e-08
    1.11178e-08
    1.08049e-08
    1.05019e-08
    1.02039e-08
    9.91672e-09
    9.63686e-09
    9.36533e-09
    9.10271e-09
    8.84449e-09
     8.5955e-09
    8.35581e-09
    8.11804e-09
    7.88956e-09
    7.66694e-09
    7.45156e-09
    7.24091e-09
     7.0364e-09
    6.83825e-09
    6.64565e-09
    6.45909e-09
    6.27619e-09
    6.10009e-09
    5.92829e-09
    5.76038e-09
    5.59804e-09
    5.44023e-09
    5.28754e-09
    5.13788e-09
    4.99287e-09
    4.85227e-09
    4.71562e-09
    4.58312e-09
    4.45344e-09
    4.32781e-09
    4.20713e-09
    4.08743e-09
    3.97232e-09
    3.86024e-09
    3.75185e-09
    3.64574e-09
    3.54282e-09
    3.44306e-09
    3.34608e-09
    3.25212e-09
    3.16005e-09
    3.07134e-09
    2.98485e-09
    2.90032e-09
    2.81859e-09
    2.73942e-09
    2.66193e-09
     2.5869e-09
    2.51392e-09
    2.44312e-09
    2.37455e-09
    2.30727e-09
    2.24227e-09
    2.17962e-09
    2.11771e-09
    2.05807e-09
    1.99999e-09
    1.94379e-09
    1.88884e-09
    1.83554e-09
    1.78384e-09
    1.73359e-09
    1.68489e-09
    1.63721e-09
    1.59123e-09
    1.54641e-09
    1.50265e-09
     1.4603e-09
    1.41913e-09
    1.37927e-09
    1.34026e-09
    1.30244e-09
    1.26575e-09
     1.2301e-09
    1.19552e-09
    1.16171e-09
    1.12894e-09
     1.0974e-09
    1.06623e-09
     1.0362e-09
    1.00696e-09
    9.78577e-10
    9.51008e-10
    9.24167e-10
    8.98129e-10
    8.72822e-10
    8.48212e-10
    8.24304e-10
    8.01061e-10
     7.7848e-10
    7.56534e-10
    7.35199e-10
    7.14471e-10
    6.94331e-10
    6.74759e-10
    6.55733e-10
    6.37249e-10
    6.19285e-10
    6.01826e-10
     5.8486e-10
    5.68372e-10
    5.52349e-10
    5.36777e-10
    5.21644e-10
    5.06938e-10
    4.92647e-10
    4.78758e-10
    4.65261e-10
    4.52145e-10
    4.39398e-10
    4.27011e-10
    4.14973e-10
    4.03274e-10
    3.91905e-10
    3.80857e-10
     3.7012e-10
    3.59686e-10
    3.49545e-10
    3.39691e-10
    3.30115e-10
    3.20808e-10
    3.11764e-10
    3.02975e-10
    2.94434e-10
    2.86133e-10
    2.78067e-10
    2.70228e-10
    2.62609e-10
    2.55206e-10
    2.48011e-10
     2.4102e-10
    2.34225e-10
    2.27622e-10
    2.21205e-10
    2.14969e-10
    2.08908e-10
    2.03019e-10
    1.97295e-10
    1.91733e-10
    1.86328e-10
    1.81075e-10
     1.7597e-10
    1.71009e-10
    1.66188e-10
    1.61503e-10
     1.5695e-10
    1.52526e-10
    1.48226e-10
    1.44047e-10
    1.39986e-10
     1.3604e-10
    1.32204e-10
    1.28477e-10
    1.24855e-10
    1.21336e-10
    1.17915e-10
    1.14591e-10
     1.1136e-10
    1.08221e-10
     1.0517e-10
    1.02205e-10
    9.93237e-11
    9.65236e-11
    9.38024e-11
     9.1158e-11
    8.85881e-11
    8.60907e-11
    8.36636e-11
     8.1305e-11
    7.90129e-11
    7.67854e-11
    7.46207e-11
     7.2517e-11
    7.04727e-11
    6.84859e-11
    6.65552e-11
    6.46789e-11
    6.28555e-11
    6.10835e-11
    5.93615e-11
     5.7688e-11
    5.60617e-11
    5.44812e-11
    5.29453e-11
    5.14527e-11
    5.00021e-11
    4.85925e-11
    4.72226e-11
    4.58913e-11
    4.45976e-11
    4.33403e-11
    4.21185e-11
    4.09311e-11
    3.97772e-11
    3.86558e-11
     3.7566e-11
     3.6507e-11
    3.54778e-11
    3.44776e-11
    3.35056e-11
    3.25611e-11
    3.16431e-11
     3.0751e-11
    2.98841e-11
    2.90416e-11
    2.82229e-11
    2.74273e-11
     2.6654e-11
    2.59026e-11
    2.51724e-11
    2.44627e-11
    2.37731e-11
    2.31029e-11
    2.24516e-11
    2.18186e-11
    2.12035e-11
    2.06058e-11
    2.00249e-11
    1.94603e-11
    1.89117e-11
    1.83786e-11
    1.78604e-11
    1.73569e-11
    1.68676e-11
    1.63921e-11
      1.593e-11
    1.54809e-11
    1.50444e-11
    1.46203e-11
    1.42082e-11
    1.38076e-11
    1.34183e-11
    1.30401e-11
    1.26724e-11
    1.23152e-11
     1.1968e-11
    1.16306e-11
    1.13027e-11
    1.09841e-11
    1.06744e-11
    1.03735e-11
     1.0081e-11
    9.79684e-12
    9.52066e-12
    9.25225e-12
    8.99142e-12
    8.73794e-12
     8.4916e-12
    8.25221e-12
    8.01957e-12
    7.79348e-12
    7.57377e-12
    7.36025e-12
    7.15276e-12
    6.95111e-12
    6.75515e-12
    6.56471e-12
    6.37964e-12
    6.19979e-12
    6.02501e-12
    5.85515e-12
    5.69009e-12
    5.52967e-12
    5.37378e-12
    5.22229e-12
    5.07506e-12
    4.93199e-12
    4.79295e-12
    4.65783e-12
    4.52652e-12
    4.39891e-12
    4.27489e-12
    4.15438e-12
    4.03726e-12
    3.92344e-12
    3.81284e-12
    3.70535e-12
    3.60089e-12
    3.49937e-12
    3.40072e-12
    3.30485e-12
    3.21168e-12
    3.12114e-12
    3.03315e-12
    2.94764e-12
    2.86454e-12
    2.78378e-12
     2.7053e-12
    2.62904e-12
    2.55492e-12
    2.48289e-12
     2.4129e-12
    2.34487e-12
    2.27877e-12
    2.21453e-12
    2.15209e-12
    2.09142e-12
    2.03246e-12
    1.97516e-12
    1.91948e-12
    1.86537e-12
    1.81278e-12
    1.76168e-12
    1.71201e-12
    1.66375e-12
    1.61684e-12
    1.57126e-12
    1.52697e-12
    1.48392e-12
    1.44208e-12
    1.40143e-12
    1.36192e-12
    1.32353e-12
    1.28621e-12
    1.24995e-12
    1.21472e-12
    1.18047e-12
    1.14719e-12
    1.11485e-12
    1.08342e-12
    1.05288e-12
     1.0232e-12
     9.9435e-13
    9.66317e-13
    9.39075e-13
    9.12601e-13
    8.86874e-13
    8.61871e-13
    8.37574e-13
    8.13961e-13
    7.91014e-13
    7.68714e-13
    7.47043e-13
    7.25983e-13
    7.05516e-13
    6.85627e-13
    6.66298e-13
    6.47514e-13
    6.29259e-13
     6.1152e-13
     5.9428e-13
    5.77526e-13
    5.61245e-13
    5.45422e-13
    5.30046e-13
    5.15103e-13
    5.00582e-13
     4.8647e-13
    4.72755e-13
    4.59427e-13
    4.46475e-13
    4.33889e-13
    4.21657e-13
    4.09769e-13
    3.98217e-13
    3.86991e-13
    3.76081e-13
    3.65479e-13
    3.55175e-13
    3.45162e-13
    3.35432e-13
    3.25975e-13
    3.16786e-13
    3.07855e-13
    2.99176e-13
    2.90742e-13
    2.82545e-13
     2.7458e-13
    2.66839e-13
    2.59317e-13
    2.52006e-13
    2.44902e-13
    2.37997e-13
    2.31288e-13
    2.24767e-13
    2.18431e-13
    2.12273e-13
    2.06289e-13
    2.00473e-13
    1.94821e-13
    1.89329e-13
    1.83992e-13
    1.78805e-13
    1.73764e-13
    1.68865e-13
    1.64105e-13
    1.59478e-13
    1.54982e-13
    1.50613e-13
    1.46367e-13
    1.42241e-13
    1.38231e-13
    1.34334e-13
    1.30547e-13
    1.26866e-13
     1.2329e-13
    1.19814e-13
    1.16436e-13
    1.13154e-13
    1.09964e-13
    1.06864e-13
    1.03851e-13
    1.00923e-13
    9.80782e-14
    9.53133e-14
    9.26262e-14
    9.00149e-14
    8.74773e-14
    8.50112e-14
    8.26146e-14
    8.02855e-14
    7.80222e-14
    7.58226e-14
     7.3685e-14
    7.16077e-14
     6.9589e-14
    6.76272e-14
    6.57207e-14
    6.38679e-14
    6.20674e-14
    6.03176e-14
    5.86171e-14
    5.69646e-14
    5.53587e-14
     5.3798e-14
    5.22814e-14
    5.08075e-14
    4.93752e-14
    4.79832e-14
    4.66305e-14
    4.53159e-14
    4.40384e-14
    4.27968e-14
    4.15903e-14
    4.04178e-14
    3.92784e-14
    3.81711e-14
     3.7095e-14
    3.60492e-14
    3.50329e-14
    3.40453e-14
    3.30855e-14
    3.21528e-14
    3.12463e-14
    3.03655e-14
    2.95094e-14
    2.86775e-14
     2.7869e-14
    2.70833e-14
    2.63198e-14
    2.55778e-14
    2.48568e-14
     2.4156e-14
     2.3475e-14
    2.28132e-14
    2.21701e-14
    2.15451e-14
    2.09377e-14
    2.03474e-14
    1.97738e-14
    1.92163e-14
    1.86746e-14
    1.81481e-14
    1.76365e-14
    1.71393e-14
    1.66561e-14
    1.61865e-14
    1.57302e-14
    1.52868e-14
    1.48558e-14
     1.4437e-14
      1.403e-14
    1.36345e-14
    1.32501e-14
    1.28766e-14
    1.25135e-14
    1.21608e-14
    1.18179e-14
    1.14848e-14
     1.1161e-14
    1.08463e-14
    1.05406e-14
    1.02434e-14
    9.95464e-15
