              0
              0
              0
              0
              0
              0
              0
              0
              0
              0
              0
    0.000603484
     0.00685385
      0.0061426
     0.00482346
     0.00349209
     0.00320807
      0.0056951
     0.00520797
     0.00332654
      0.0038355
     0.00392749
     0.00306662
     0.00409613
     0.00414238
     0.00499138
     0.00548808
     0.00513579
      0.0053417
     0.00462618
     0.00437099
     0.00401625
     0.00348526
     0.00364521
     0.00426103
     0.00410118
     0.00431479
     0.00439076
     0.00459506
     0.00462646
      0.0045641
     0.00463209
     0.00421713
     0.00453552
     0.00425567
     0.00384495
     0.00392556
     0.00359924
     0.00381185
     0.00361306
     0.00362066
     0.00386388
     0.00362618
     0.00329424
     0.00340186
     0.00331262
     0.00307794
     0.00306205
     0.00317448
     0.00323434
     0.00306775
     0.00298671
     0.00302867
     0.00304728
     0.00284593
     0.00263265
     0.00264226
     0.00258279
     0.00244347
     0.00247655
      0.0024705
     0.00248599
      0.0023686
     0.00232393
     0.00219578
     0.00216506
     0.00212518
     0.00209019
     0.00203443
     0.00195227
     0.00190043
     0.00185523
     0.00183144
     0.00185115
      0.0017333
     0.00171394
     0.00169801
     0.00165748
     0.00161383
     0.00158688
     0.00151925
     0.00146932
     0.00143242
     0.00138916
     0.00135547
     0.00137866
     0.00131836
      0.0012478
     0.00123888
     0.00120768
        0.00118
       0.001165
     0.00112032
     0.00109193
     0.00106428
     0.00102196
    0.000999503
    0.000999179
    0.000957261
     0.00094529
    0.000935012
    0.000905266
      0.0008628
    0.000852276
    0.000818258
      0.0007838
     0.00077032
    0.000752405
    0.000749428
    0.000723712
    0.000716378
    0.000685688
    0.000660292
    0.000648387
    0.000630834
    0.000620052
     0.00060272
    0.000582002
    0.000561236
    0.000546318
    0.000546236
    0.000528966
    0.000510145
    0.000489592
    0.000478024
    0.000465241
    0.000454657
    0.000442753
    0.000432492
    0.000422201
    0.000407994
    0.000398483
    0.000394272
    0.000377893
    0.000368075
    0.000356361
    0.000346979
    0.000336086
    0.000327507
    0.000318366
    0.000310205
    0.000302572
    0.000294289
    0.000286344
    0.000282765
    0.000272901
     0.00026394
    0.000254745
    0.000250078
    0.000242462
    0.000235015
    0.000229491
    0.000222964
    0.000217643
      0.0002119
    0.000208717
    0.000199545
    0.000195096
    0.000189066
    0.000183573
    0.000178837
    0.000173375
    0.000168751
    0.000163875
    0.000159483
    0.000154941
    0.000151951
    0.000150008
    0.000142759
     0.00013902
    0.000136045
    0.000132549
    0.000127591
    0.000124506
    0.000120971
    0.000117031
    0.000114066
     0.00011079
    0.000107988
    0.000107418
    0.000102752
    9.93265e-05
    9.70366e-05
    9.45087e-05
    9.14304e-05
    8.94931e-05
    8.69639e-05
    8.39132e-05
    8.17831e-05
    7.95571e-05
    7.76379e-05
    7.64135e-05
    7.30998e-05
    7.10454e-05
    6.92366e-05
    6.75382e-05
    6.53506e-05
    6.35641e-05
    6.19112e-05
    6.00115e-05
    5.83921e-05
    5.66977e-05
     5.5811e-05
    5.36569e-05
    5.22541e-05
    5.06846e-05
    4.94214e-05
    4.79774e-05
    4.65467e-05
    4.54066e-05
    4.40495e-05
    4.28577e-05
    4.15634e-05
    4.04511e-05
    3.97859e-05
    3.82364e-05
    3.71895e-05
    3.62262e-05
    3.52776e-05
    3.41472e-05
    3.31873e-05
    3.23004e-05
    3.13517e-05
    3.05245e-05
    2.96288e-05
    2.88052e-05
     2.8336e-05
    2.72156e-05
    2.64749e-05
    2.58159e-05
    2.51119e-05
     2.4287e-05
     2.3602e-05
    2.29797e-05
    2.23322e-05
    2.17123e-05
    2.10828e-05
    2.05192e-05
    2.01746e-05
    1.93883e-05
    1.88319e-05
    1.83418e-05
    1.78766e-05
    1.73106e-05
    1.68054e-05
    1.63487e-05
    1.59099e-05
    1.54739e-05
    1.50008e-05
    1.47458e-05
    1.42046e-05
    1.38032e-05
     1.3404e-05
    1.30465e-05
    1.26958e-05
    1.23318e-05
    1.19808e-05
    1.16345e-05
    1.13193e-05
    1.10222e-05
    1.07151e-05
    1.04886e-05
    1.00936e-05
    9.81483e-06
    9.54056e-06
    9.29164e-06
    9.02438e-06
    8.76824e-06
    8.52263e-06
    8.27567e-06
    8.05616e-06
    7.82254e-06
    7.60208e-06
    7.45806e-06
    7.17918e-06
    6.97993e-06
    6.78355e-06
    6.60258e-06
    6.41557e-06
    6.23694e-06
    6.06064e-06
     5.8859e-06
    5.72598e-06
     5.5602e-06
    5.40469e-06
     5.3012e-06
    5.10463e-06
    4.96244e-06
    4.82317e-06
    4.69393e-06
    4.56039e-06
    4.43149e-06
    4.30637e-06
    4.18453e-06
    4.07103e-06
    3.95209e-06
    3.84193e-06
    3.76562e-06
    3.62871e-06
    3.52768e-06
    3.42732e-06
    3.34056e-06
    3.24367e-06
    3.14928e-06
     3.0616e-06
    2.97357e-06
     2.8927e-06
    2.81007e-06
    2.75306e-06
    2.65504e-06
    2.58079e-06
    2.50684e-06
    2.43941e-06
    2.36906e-06
    2.30235e-06
    2.23974e-06
     2.1733e-06
    2.11541e-06
    2.05443e-06
    1.99742e-06
    1.95578e-06
    1.88609e-06
     1.8334e-06
     1.7811e-06
     1.7338e-06
    1.68273e-06
    1.63613e-06
    1.59088e-06
     1.5445e-06
     1.5027e-06
    1.45957e-06
    1.41937e-06
    1.38909e-06
     1.3398e-06
    1.30216e-06
    1.26593e-06
    1.23262e-06
    1.19589e-06
    1.16226e-06
    1.13028e-06
    1.09746e-06
    1.06758e-06
    1.03689e-06
    1.00812e-06
      9.866e-07
    9.52014e-07
     9.2523e-07
    8.99223e-07
    8.75029e-07
    8.49743e-07
    8.25667e-07
    8.02517e-07
    7.79531e-07
    7.58243e-07
    7.36545e-07
    7.20525e-07
     6.9618e-07
    6.76731e-07
    6.57263e-07
    6.39303e-07
    6.20915e-07
    6.03392e-07
    5.86865e-07
    5.69644e-07
    5.54117e-07
    5.38227e-07
    5.23362e-07
    5.11887e-07
    4.94248e-07
      4.804e-07
    4.66807e-07
     4.5413e-07
    4.41068e-07
    4.28569e-07
    4.16557e-07
    4.04645e-07
    3.93556e-07
    3.82301e-07
     3.7168e-07
    3.63339e-07
    3.51038e-07
    3.41181e-07
    3.31495e-07
    3.22496e-07
    3.13224e-07
    3.04356e-07
    2.95823e-07
    2.87356e-07
    2.79461e-07
    2.71495e-07
    2.63937e-07
    2.57947e-07
    2.49289e-07
    2.42285e-07
    2.35416e-07
    2.29014e-07
    2.22339e-07
    2.16132e-07
    2.10128e-07
    2.04064e-07
    1.98465e-07
    1.92789e-07
    1.88378e-07
    1.82167e-07
    1.77051e-07
     1.7202e-07
    1.67309e-07
    1.62498e-07
    1.57856e-07
    1.53565e-07
    1.49139e-07
    1.45034e-07
     1.4089e-07
    1.36946e-07
     1.3377e-07
    1.29322e-07
    1.25697e-07
    1.22139e-07
    1.18819e-07
    1.15365e-07
    1.12107e-07
    1.09017e-07
    1.05899e-07
    1.02977e-07
    1.00038e-07
    9.72373e-08
    9.49576e-08
    9.18279e-08
    8.92479e-08
    8.67253e-08
     8.4356e-08
    8.19105e-08
    7.95998e-08
    7.73972e-08
    7.51876e-08
    7.31031e-08
    7.10192e-08
    6.90383e-08
     6.7403e-08
    6.51956e-08
     6.3362e-08
    6.15722e-08
    5.98886e-08
    5.81546e-08
    5.65213e-08
    5.49478e-08
    5.33742e-08
    5.18992e-08
    5.04183e-08
    4.92183e-08
    4.76394e-08
    4.62976e-08
    4.49803e-08
    4.37423e-08
    4.24913e-08
      4.128e-08
    4.01463e-08
    3.89925e-08
    3.79115e-08
    3.68315e-08
    3.58033e-08
    3.49404e-08
    3.38119e-08
    3.28621e-08
    3.19328e-08
    3.10576e-08
    3.01599e-08
    2.93087e-08
    2.84965e-08
    2.76836e-08
    2.69142e-08
     2.6147e-08
     2.5417e-08
    2.47995e-08
    2.40039e-08
    2.33277e-08
    2.26695e-08
     2.2047e-08
    2.14106e-08
    2.08064e-08
    2.02265e-08
    1.96508e-08
     1.9106e-08
    1.85615e-08
    1.80431e-08
    1.76013e-08
    1.70396e-08
    1.65599e-08
    1.60924e-08
    1.56498e-08
    1.51988e-08
    1.47697e-08
    1.43579e-08
    1.39493e-08
    1.35623e-08
    1.31761e-08
    1.28079e-08
    1.24924e-08
    1.20956e-08
    1.17551e-08
    1.14232e-08
    1.11087e-08
    1.07889e-08
    1.04843e-08
    1.01918e-08
    9.90194e-09
    9.62705e-09
    9.35304e-09
    9.12135e-09
    8.83644e-09
    8.58771e-09
    8.34371e-09
    8.11278e-09
    7.88153e-09
    7.65738e-09
    7.44502e-09
    7.23209e-09
    7.03147e-09
    6.83163e-09
    6.64051e-09
    6.47442e-09
    6.27109e-09
    6.09492e-09
    5.92258e-09
    5.75919e-09
    5.59366e-09
    5.43581e-09
    5.28404e-09
     5.1338e-09
    4.99108e-09
    4.84914e-09
    4.71351e-09
     4.5949e-09
    4.45136e-09
    4.32604e-09
    4.20392e-09
    4.08777e-09
    3.97041e-09
    3.85837e-09
    3.75057e-09
    3.64402e-09
    3.54263e-09
    3.44194e-09
     3.3456e-09
    3.26101e-09
    3.15955e-09
    3.07058e-09
    2.98392e-09
     2.9014e-09
    2.81817e-09
    2.73864e-09
     2.6621e-09
     2.5865e-09
    2.51449e-09
    2.44305e-09
    2.38101e-09
    2.30795e-09
    2.24297e-09
    2.17933e-09
    2.11881e-09
    2.05854e-09
    2.00008e-09
    1.94445e-09
    1.88898e-09
    1.83642e-09
    1.78431e-09
    1.73432e-09
    1.68994e-09
    1.63785e-09
    1.59181e-09
    1.54683e-09
    1.50398e-09
    1.46091e-09
    1.41969e-09
    1.37998e-09
     1.3408e-09
    1.30343e-09
    1.26642e-09
    1.23095e-09
     1.1993e-09
     1.1625e-09
    1.12976e-09
    1.09788e-09
    1.06743e-09
    1.03689e-09
    1.00763e-09
    9.79431e-10
    9.51647e-10
    9.25104e-10
    8.98848e-10
    8.73659e-10
    8.49106e-10
    8.25076e-10
    8.01719e-10
    7.79128e-10
    7.57227e-10
    7.35809e-10
    7.15109e-10
    6.94898e-10
    6.75343e-10
    6.56316e-10
    6.37813e-10
    6.19835e-10
    6.02358e-10
    5.85386e-10
    5.68868e-10
    5.52834e-10
    5.37245e-10
    5.22101e-10
    5.07382e-10
    4.93075e-10
    4.79177e-10
    4.65669e-10
    4.52543e-10
    4.39784e-10
    4.27387e-10
    4.15338e-10
    4.03628e-10
    3.92249e-10
     3.8119e-10
    3.70444e-10
    3.60001e-10
    3.49852e-10
    3.39989e-10
    3.30404e-10
     3.2109e-10
    3.12038e-10
    3.03241e-10
    2.94692e-10
    2.86384e-10
    2.78311e-10
    2.70465e-10
     2.6284e-10
     2.5543e-10
    2.48229e-10
    2.41231e-10
     2.3443e-10
    2.27821e-10
    2.21399e-10
    2.15157e-10
    2.09091e-10
    2.03197e-10
    1.97468e-10
    1.91901e-10
    1.86491e-10
    1.81234e-10
    1.76125e-10
    1.71159e-10
    1.66334e-10
    1.61645e-10
    1.57088e-10
    1.52659e-10
    1.48356e-10
    1.44173e-10
    1.40109e-10
    1.36159e-10
     1.3232e-10
     1.2859e-10
    1.24965e-10
    1.21442e-10
    1.18018e-10
    1.14691e-10
    1.11458e-10
    1.08316e-10
    1.05262e-10
    1.02295e-10
    9.94108e-11
    9.66082e-11
    9.38847e-11
    9.12379e-11
    8.86658e-11
    8.61662e-11
     8.3737e-11
    8.13763e-11
    7.90822e-11
    7.68528e-11
    7.46862e-11
    7.25806e-11
    7.05345e-11
     6.8546e-11
    6.66136e-11
    6.47356e-11
    6.29106e-11
    6.11371e-11
    5.94135e-11
    5.77386e-11
    5.61108e-11
     5.4529e-11
    5.29917e-11
    5.14978e-11
     5.0046e-11
    4.86351e-11
     4.7264e-11
    4.59316e-11
    4.46367e-11
    4.33783e-11
    4.21554e-11
     4.0967e-11
    3.98121e-11
    3.86897e-11
     3.7599e-11
     3.6539e-11
    3.55089e-11
    3.45079e-11
     3.3535e-11
    3.25896e-11
    3.16709e-11
     3.0778e-11
    2.99103e-11
    2.90671e-11
    2.82477e-11
    2.74513e-11
    2.66774e-11
    2.59253e-11
    2.51945e-11
    2.44842e-11
    2.37939e-11
    2.31232e-11
    2.24713e-11
    2.18378e-11
    2.12221e-11
    2.06239e-11
    2.00424e-11
    1.94774e-11
    1.89283e-11
    1.83947e-11
    1.78761e-11
    1.73722e-11
    1.68824e-11
    1.64065e-11
    1.59439e-11
    1.54945e-11
    1.50576e-11
    1.46331e-11
    1.42206e-11
    1.38197e-11
    1.34301e-11
    1.30515e-11
    1.26836e-11
     1.2326e-11
    1.19785e-11
    1.16408e-11
    1.13126e-11
    1.09937e-11
    1.06838e-11
    1.03826e-11
    1.00899e-11
    9.80544e-12
    9.52901e-12
    9.26037e-12
    8.99931e-12
     8.7456e-12
    8.49905e-12
    8.25945e-12
     8.0266e-12
    7.80032e-12
    7.58041e-12
    7.36671e-12
    7.15903e-12
    6.95721e-12
    6.76107e-12
    6.57047e-12
    6.38524e-12
    6.20523e-12
    6.03029e-12
    5.86029e-12
    5.69508e-12
    5.53452e-12
     5.3785e-12
    5.22687e-12
    5.07951e-12
    4.93632e-12
    4.79715e-12
    4.66191e-12
    4.53049e-12
    4.40277e-12
    4.27864e-12
    4.15802e-12
     4.0408e-12
    3.92688e-12
    3.81618e-12
     3.7086e-12
    3.60404e-12
    3.50244e-12
     3.4037e-12
    3.30775e-12
     3.2145e-12
    3.12387e-12
    3.03581e-12
    2.95022e-12
    2.86705e-12
    2.78622e-12
    2.70768e-12
    2.63134e-12
    2.55716e-12
    2.48507e-12
    2.41501e-12
    2.34693e-12
    2.28077e-12
    2.21647e-12
    2.15398e-12
    2.09326e-12
    2.03425e-12
     1.9769e-12
    1.92117e-12
      1.867e-12
    1.81437e-12
    1.76322e-12
    1.71351e-12
    1.66521e-12
    1.61826e-12
    1.57264e-12
     1.5283e-12
    1.48522e-12
    1.44335e-12
    1.40266e-12
    1.36312e-12
    1.32469e-12
    1.28734e-12
    1.25105e-12
    1.21578e-12
    1.18151e-12
     1.1482e-12
    1.11583e-12
    1.08437e-12
     1.0538e-12
    1.02409e-12
    9.95222e-13
    9.67165e-13
    9.39899e-13
    9.13402e-13
    8.87652e-13
    8.62627e-13
    8.38308e-13
    8.14675e-13
    7.91708e-13
    7.69389e-13
    7.47698e-13
     7.2662e-13
    7.06135e-13
    6.86228e-13
    6.66882e-13
    6.48082e-13
    6.29811e-13
    6.12056e-13
    5.94801e-13
    5.78033e-13
    5.61737e-13
    5.45901e-13
    5.30511e-13
    5.15555e-13
    5.01021e-13
    4.86896e-13
     4.7317e-13
     4.5983e-13
    4.46867e-13
    4.34269e-13
    4.22026e-13
    4.10129e-13
    3.98567e-13
     3.8733e-13
    3.76411e-13
    3.65799e-13
    3.55487e-13
    3.45465e-13
    3.35726e-13
    3.26261e-13
    3.17064e-13
    3.08125e-13
    2.99439e-13
    2.90997e-13
    2.82793e-13
    2.74821e-13
    2.67073e-13
    2.59544e-13
    2.52227e-13
    2.45116e-13
    2.38206e-13
    2.31491e-13
    2.24965e-13
    2.18623e-13
    2.12459e-13
     2.0647e-13
    2.00649e-13
    1.94992e-13
    1.89495e-13
    1.84153e-13
    1.78961e-13
    1.73916e-13
    1.69013e-13
    1.64249e-13
    1.59618e-13
    1.55118e-13
    1.50745e-13
    1.46495e-13
    1.42366e-13
    1.38352e-13
    1.34452e-13
    1.30661e-13
    1.26978e-13
    1.23398e-13
    1.19919e-13
    1.16539e-13
    1.13253e-13
     1.1006e-13
    1.06958e-13
    1.03942e-13
    1.01012e-13
    9.81643e-14
    9.53969e-14
    9.27075e-14
    9.00939e-14
     8.7554e-14
    8.50857e-14
     8.2687e-14
     8.0356e-14
    7.80906e-14
    7.58891e-14
    7.37497e-14
    7.16705e-14
      6.965e-14
    6.76865e-14
    6.57783e-14
    6.39239e-14
    6.21218e-14
    6.03705e-14
    5.86685e-14
    5.70146e-14
    5.54073e-14
    5.38452e-14
    5.23273e-14
    5.08521e-14
    4.94185e-14
    4.80253e-14
    4.66714e-14
    4.53556e-14
     4.4077e-14
    4.28344e-14
    4.16268e-14
    4.04533e-14
    3.93129e-14
    3.82046e-14
    3.71275e-14
    3.60808e-14
    3.50637e-14
    3.40752e-14
    3.31145e-14
     3.2181e-14
    3.12737e-14
    3.03921e-14
    2.95353e-14
    2.87026e-14
    2.78935e-14
    2.71071e-14
    2.63429e-14
    2.56003e-14
    2.48786e-14
    2.41772e-14
    2.34956e-14
    2.28332e-14
    2.21895e-14
     2.1564e-14
     2.0956e-14
    2.03653e-14
    1.97911e-14
    1.92332e-14
     1.8691e-14
     1.8164e-14
     1.7652e-14
    1.71543e-14
    1.66707e-14
    1.62007e-14
     1.5744e-14
    1.53002e-14
    1.48688e-14
    1.44497e-14
    1.40423e-14
    1.36464e-14
    1.32617e-14
    1.28878e-14
    1.25245e-14
    1.21714e-14
    1.18283e-14
    1.14948e-14
    1.11708e-14
    1.08559e-14
    1.05498e-14
    1.02524e-14
    9.96337e-15
    9.68249e-15
