              0
              0
              0
              0
              0
              0
              0
              0
    0.000301742
     0.00114231
    0.000948332
     0.00169745
     0.00195081
     0.00523689
     0.00340138
     0.00344403
     0.00501457
     0.00500894
     0.00447383
      0.0034335
      0.0049053
     0.00371621
     0.00400614
     0.00354793
      0.0046881
     0.00365771
     0.00470543
     0.00466467
      0.0051306
     0.00522832
     0.00431755
     0.00472948
      0.0041553
     0.00403907
     0.00404278
     0.00407791
     0.00407326
     0.00406061
     0.00482174
     0.00406439
     0.00492599
     0.00431571
     0.00425771
     0.00440116
     0.00411567
     0.00427775
      0.0038879
     0.00395575
     0.00387821
     0.00366079
     0.00368812
     0.00362335
     0.00356262
     0.00342592
     0.00357816
      0.0033673
     0.00318881
     0.00319665
     0.00319226
      0.0031746
     0.00304462
     0.00315784
     0.00298045
      0.0027942
     0.00284261
     0.00288869
     0.00277639
     0.00267859
     0.00258766
     0.00246365
     0.00246723
     0.00236199
     0.00235414
     0.00242099
     0.00232593
     0.00219389
     0.00211796
     0.00214434
     0.00205802
     0.00198653
     0.00196565
      0.0018949
     0.00187183
     0.00181856
     0.00179374
     0.00175708
     0.00173217
     0.00166801
      0.0016306
      0.0015859
      0.0015577
     0.00150351
     0.00148345
     0.00143208
     0.00140219
     0.00134941
     0.00131608
     0.00129583
     0.00128038
      0.0012291
     0.00120662
      0.0011613
     0.00113519
      0.0011189
     0.00109905
     0.00105437
     0.00104271
     0.00100341
    0.000972429
     0.00095827
    0.000928592
    0.000902008
    0.000894594
    0.000867779
    0.000837345
    0.000809614
    0.000799146
    0.000778811
    0.000743765
    0.000733984
    0.000722948
     0.00069115
    0.000685795
    0.000661939
    0.000646537
    0.000624446
    0.000610406
    0.000590655
    0.000583561
     0.00056528
    0.000546931
    0.000531673
    0.000521473
    0.000501346
    0.000492859
    0.000477317
    0.000464457
    0.000452101
    0.000439127
     0.00042636
    0.000417819
    0.000410775
    0.000396434
    0.000383518
    0.000376508
    0.000362207
    0.000354631
    0.000345629
    0.000335909
    0.000325665
    0.000317318
    0.000307056
    0.000299139
     0.00029389
    0.000283779
    0.000276857
    0.000271615
    0.000260702
    0.000254924
    0.000248588
     0.00024119
    0.000233847
    0.000227412
    0.000220853
    0.000217326
    0.000209612
    0.000203762
    0.000200153
    0.000193003
    0.000187179
    0.000182865
    0.000178484
    0.000172087
     0.00016765
    0.000162625
    0.000158464
    0.000155381
    0.000150012
    0.000145766
    0.000143882
    0.000137905
    0.000134366
    0.000131122
    0.000126971
    0.000123527
    0.000120221
    0.000116625
    0.000113326
     0.00011091
    0.000107195
    0.000104326
    0.000102906
      9.913e-05
    9.60873e-05
    9.34221e-05
    9.08516e-05
    8.87617e-05
     8.6198e-05
    8.34585e-05
    8.15286e-05
    7.92615e-05
    7.67715e-05
    7.46718e-05
    7.32557e-05
    7.06209e-05
    6.86909e-05
    6.68702e-05
    6.48942e-05
    6.31583e-05
    6.13137e-05
    5.96868e-05
    5.83934e-05
    5.62383e-05
    5.47647e-05
    5.35372e-05
     5.1799e-05
    5.03197e-05
    4.90027e-05
    4.76238e-05
    4.62713e-05
    4.50427e-05
    4.36752e-05
    4.24854e-05
      4.154e-05
    4.01456e-05
    3.90348e-05
    3.81817e-05
    3.69284e-05
    3.58798e-05
    3.49211e-05
    3.39347e-05
    3.30109e-05
    3.20522e-05
    3.11346e-05
    3.02773e-05
    2.95635e-05
    2.86206e-05
    2.77844e-05
    2.71914e-05
    2.63078e-05
    2.55291e-05
    2.48377e-05
    2.41552e-05
    2.34692e-05
    2.28313e-05
    2.21457e-05
      2.155e-05
    2.10456e-05
     2.0366e-05
    1.97816e-05
    1.93562e-05
    1.86991e-05
    1.82014e-05
    1.76887e-05
    1.71961e-05
     1.6722e-05
    1.62261e-05
    1.57641e-05
    1.54311e-05
    1.48973e-05
    1.45022e-05
    1.41539e-05
    1.36987e-05
    1.33156e-05
    1.29517e-05
    1.25817e-05
    1.22345e-05
    1.18949e-05
    1.15555e-05
    1.12451e-05
    1.09607e-05
    1.06114e-05
    1.03238e-05
     1.0087e-05
    9.74223e-06
    9.47442e-06
    9.21296e-06
    8.94831e-06
    8.70093e-06
    8.45394e-06
    8.22171e-06
    7.99316e-06
    7.79376e-06
    7.54334e-06
    7.32956e-06
    7.16787e-06
    6.92935e-06
    6.73958e-06
    6.54898e-06
    6.36275e-06
     6.1857e-06
    6.00941e-06
    5.84495e-06
    5.68451e-06
    5.53987e-06
     5.3635e-06
    5.21118e-06
    5.09422e-06
    4.92585e-06
     4.7917e-06
    4.65511e-06
    4.52364e-06
    4.39726e-06
    4.27178e-06
    4.15421e-06
    4.03977e-06
    3.93689e-06
    3.81235e-06
    3.70427e-06
    3.62008e-06
    3.50275e-06
    3.40381e-06
     3.3095e-06
    3.21867e-06
    3.12755e-06
     3.0381e-06
    2.95174e-06
    2.88068e-06
    2.78763e-06
    2.71054e-06
    2.64515e-06
      2.562e-06
    2.48927e-06
     2.4198e-06
    2.35218e-06
    2.28513e-06
      2.221e-06
    2.15835e-06
    2.09891e-06
    2.04559e-06
    1.98189e-06
    1.92512e-06
    1.87982e-06
       1.82e-06
    1.76878e-06
    1.71939e-06
    1.67069e-06
    1.62376e-06
    1.57817e-06
    1.53294e-06
    1.49164e-06
    1.45311e-06
    1.40816e-06
    1.36805e-06
    1.33537e-06
    1.29312e-06
    1.25692e-06
    1.22135e-06
    1.18727e-06
    1.15385e-06
     1.1215e-06
    1.08909e-06
    1.05958e-06
    1.03224e-06
    1.00025e-06
    9.71757e-07
    9.48913e-07
     9.1844e-07
    8.92769e-07
    8.67865e-07
    8.43212e-07
    8.19367e-07
    7.96448e-07
    7.73751e-07
    7.54848e-07
    7.30861e-07
    7.10498e-07
    6.92844e-07
    6.71574e-07
    6.52618e-07
    6.34235e-07
    6.16486e-07
    5.98778e-07
    5.81964e-07
    5.65586e-07
    5.49906e-07
    5.35811e-07
    5.19235e-07
    5.04573e-07
    4.92322e-07
    4.76766e-07
    4.63457e-07
    4.50536e-07
    4.37693e-07
    4.25299e-07
    4.13365e-07
     4.0169e-07
     3.9054e-07
    3.80418e-07
    3.68779e-07
    3.58313e-07
     3.4959e-07
    3.38584e-07
    3.29119e-07
     3.1994e-07
    3.10825e-07
    3.02035e-07
    2.93554e-07
     2.8526e-07
     2.7734e-07
    2.70114e-07
    2.61869e-07
    2.54453e-07
    2.48189e-07
    2.40468e-07
    2.33711e-07
    2.27164e-07
    2.20725e-07
    2.14506e-07
    2.08466e-07
     2.0254e-07
    1.97456e-07
    1.91314e-07
    1.85961e-07
    1.81215e-07
    1.75707e-07
     1.7079e-07
    1.65984e-07
    1.61315e-07
    1.56717e-07
    1.52328e-07
    1.48016e-07
    1.43893e-07
    1.40159e-07
    1.35887e-07
     1.3203e-07
    1.28716e-07
    1.24753e-07
    1.21262e-07
    1.17858e-07
     1.1452e-07
    1.11284e-07
    1.08159e-07
    1.05098e-07
    1.02185e-07
    9.94968e-08
    9.64895e-08
    9.37399e-08
    9.13817e-08
     8.8582e-08
    8.60991e-08
    8.36739e-08
    8.13112e-08
    7.90123e-08
    7.67887e-08
    7.46178e-08
    7.25496e-08
    7.06275e-08
    6.85018e-08
    6.65553e-08
    6.48716e-08
    6.28916e-08
    6.11246e-08
     5.9406e-08
    5.77312e-08
    5.60953e-08
    5.45147e-08
     5.2975e-08
    5.16081e-08
    5.00347e-08
     4.8633e-08
    4.73662e-08
    4.59455e-08
    4.46554e-08
    4.33992e-08
    4.21744e-08
    4.09801e-08
    3.98239e-08
    3.86974e-08
    3.76254e-08
    3.66236e-08
    3.55258e-08
    3.45194e-08
    3.36342e-08
    3.26143e-08
    3.17011e-08
    3.08087e-08
    2.99377e-08
    2.90919e-08
    2.82728e-08
    2.74721e-08
    2.67101e-08
    2.59972e-08
    2.52206e-08
    2.45052e-08
    2.38745e-08
    2.31529e-08
    2.25037e-08
    2.18704e-08
    2.12524e-08
     2.0652e-08
    2.00698e-08
    1.95023e-08
    1.89599e-08
    1.84524e-08
    1.79037e-08
    1.73958e-08
    1.69463e-08
    1.64354e-08
    1.59743e-08
    1.55249e-08
    1.50863e-08
      1.466e-08
    1.42467e-08
     1.3844e-08
    1.34587e-08
    1.30976e-08
     1.2709e-08
    1.23486e-08
    1.20283e-08
    1.16667e-08
    1.13393e-08
    1.10203e-08
    1.07089e-08
    1.04063e-08
     1.0113e-08
    9.82713e-09
    9.56841e-09
    9.28176e-09
    9.02136e-09
     8.7823e-09
    8.52216e-09
    8.28271e-09
    8.04931e-09
    7.82249e-09
    7.60084e-09
    7.38671e-09
    7.17786e-09
    6.97792e-09
     6.7897e-09
    6.58919e-09
    6.40264e-09
      6.235e-09
    6.04876e-09
    5.87887e-09
    5.71359e-09
    5.55211e-09
    5.39529e-09
    5.24317e-09
    5.09503e-09
    4.95296e-09
    4.81911e-09
    4.67712e-09
    4.54463e-09
    4.42526e-09
    4.29343e-09
    4.17285e-09
    4.05543e-09
    3.94089e-09
    3.82957e-09
    3.72161e-09
    3.61646e-09
    3.51558e-09
    3.42039e-09
    3.31981e-09
    3.22578e-09
    3.14079e-09
    3.04743e-09
    2.96184e-09
    2.87848e-09
    2.79719e-09
    2.71818e-09
    2.64156e-09
    2.56693e-09
    2.49848e-09
    2.42443e-09
    2.35635e-09
    2.29319e-09
    2.22585e-09
    2.16328e-09
    2.10231e-09
    2.04307e-09
    1.98523e-09
     1.9293e-09
    1.87478e-09
    1.82244e-09
    1.77288e-09
    1.72095e-09
    1.67227e-09
    1.62787e-09
    1.57974e-09
    1.53534e-09
    1.49216e-09
       1.45e-09
    1.40906e-09
    1.36934e-09
    1.33066e-09
    1.29348e-09
    1.25825e-09
    1.22147e-09
     1.1869e-09
    1.15531e-09
    1.12123e-09
    1.08972e-09
    1.05904e-09
    1.02914e-09
    1.00008e-09
    9.71888e-10
    9.44439e-10
    9.18044e-10
       8.92e-10
    8.66938e-10
    8.42403e-10
    8.18806e-10
    7.95688e-10
    7.73235e-10
     7.5144e-10
    7.30222e-10
    7.09645e-10
     6.8964e-10
    6.70204e-10
    6.51312e-10
    6.32949e-10
    6.15114e-10
    5.97769e-10
    5.80914e-10
    5.64537e-10
    5.48625e-10
    5.33152e-10
    5.18123e-10
    5.03515e-10
    4.89321e-10
    4.75526e-10
    4.62121e-10
    4.49092e-10
    4.36433e-10
     4.2413e-10
    4.12173e-10
    4.00553e-10
     3.8926e-10
    3.78286e-10
    3.67622e-10
    3.57258e-10
    3.47186e-10
    3.37398e-10
    3.27887e-10
    3.18643e-10
     3.0966e-10
     3.0093e-10
    2.92447e-10
    2.84202e-10
     2.7619e-10
    2.68404e-10
    2.60837e-10
    2.53484e-10
    2.46337e-10
    2.39393e-10
    2.32644e-10
    2.26085e-10
    2.19712e-10
    2.13518e-10
    2.07498e-10
    2.01649e-10
    1.95964e-10
    1.90439e-10
     1.8507e-10
    1.79853e-10
    1.74783e-10
    1.69855e-10
    1.65067e-10
    1.60413e-10
    1.55891e-10
    1.51496e-10
    1.47225e-10
    1.43075e-10
    1.39041e-10
    1.35121e-10
    1.31312e-10
     1.2761e-10
    1.24013e-10
    1.20517e-10
    1.17119e-10
    1.13817e-10
    1.10609e-10
     1.0749e-10
     1.0446e-10
    1.01515e-10
    9.86533e-11
    9.58721e-11
    9.31693e-11
    9.05427e-11
    8.79902e-11
    8.55096e-11
     8.3099e-11
    8.07563e-11
    7.84796e-11
    7.62672e-11
    7.41171e-11
    7.20276e-11
     6.9997e-11
    6.80237e-11
     6.6106e-11
    6.42424e-11
    6.24313e-11
    6.06712e-11
    5.89608e-11
    5.72986e-11
    5.56833e-11
    5.41135e-11
    5.25879e-11
    5.11054e-11
    4.96647e-11
    4.82645e-11
    4.69039e-11
    4.55816e-11
    4.42966e-11
    4.30478e-11
    4.18342e-11
    4.06548e-11
    3.95087e-11
    3.83949e-11
    3.73125e-11
    3.62606e-11
    3.52383e-11
    3.42449e-11
    3.32795e-11
    3.23413e-11
    3.14295e-11
    3.05435e-11
    2.96824e-11
    2.88456e-11
    2.80324e-11
    2.72422e-11
    2.64742e-11
    2.57278e-11
    2.50025e-11
    2.42976e-11
    2.36127e-11
     2.2947e-11
    2.23001e-11
    2.16714e-11
    2.10604e-11
    2.04667e-11
    1.98897e-11
     1.9329e-11
    1.87841e-11
    1.82545e-11
    1.77399e-11
    1.72398e-11
    1.67538e-11
    1.62815e-11
    1.58225e-11
    1.53764e-11
    1.49429e-11
    1.45217e-11
    1.41123e-11
    1.37144e-11
    1.33278e-11
    1.29521e-11
    1.25869e-11
    1.22321e-11
    1.18872e-11
    1.15521e-11
    1.12264e-11
    1.09099e-11
    1.06024e-11
    1.03035e-11
     1.0013e-11
    9.73073e-12
     9.4564e-12
    9.18981e-12
    8.93073e-12
    8.67896e-12
    8.43429e-12
    8.19651e-12
    7.96544e-12
    7.74088e-12
    7.52266e-12
    7.31058e-12
    7.10448e-12
     6.9042e-12
    6.70956e-12
     6.5204e-12
    6.33658e-12
    6.15794e-12
    5.98434e-12
    5.81563e-12
    5.65168e-12
    5.49235e-12
    5.33751e-12
    5.18704e-12
    5.04081e-12
     4.8987e-12
     4.7606e-12
    4.62639e-12
    4.49597e-12
    4.36922e-12
    4.24604e-12
    4.12634e-12
    4.01001e-12
    3.89696e-12
     3.7871e-12
    3.68034e-12
    3.57658e-12
    3.47575e-12
    3.37777e-12
    3.28254e-12
       3.19e-12
    3.10007e-12
    3.01268e-12
    2.92774e-12
    2.84521e-12
    2.76499e-12
    2.68705e-12
    2.61129e-12
    2.53768e-12
    2.46614e-12
    2.39661e-12
    2.32905e-12
    2.26339e-12
    2.19958e-12
    2.13757e-12
    2.07731e-12
    2.01875e-12
    1.96183e-12
    1.90653e-12
    1.85278e-12
    1.80055e-12
    1.74979e-12
    1.70046e-12
    1.65252e-12
    1.60593e-12
    1.56066e-12
    1.51666e-12
     1.4739e-12
    1.43235e-12
    1.39197e-12
    1.35273e-12
    1.31459e-12
    1.27753e-12
    1.24152e-12
    1.20652e-12
     1.1725e-12
    1.13945e-12
    1.10733e-12
    1.07611e-12
    1.04577e-12
    1.01629e-12
    9.87639e-13
    9.59796e-13
    9.32737e-13
    9.06442e-13
    8.80888e-13
    8.56054e-13
    8.31921e-13
    8.08468e-13
    7.85676e-13
    7.63526e-13
    7.42001e-13
    7.21083e-13
    7.00755e-13
    6.80999e-13
    6.61801e-13
    6.43144e-13
    6.25012e-13
    6.07392e-13
    5.90269e-13
    5.73628e-13
    5.57457e-13
    5.41741e-13
    5.26469e-13
    5.11627e-13
    4.97203e-13
    4.83186e-13
    4.69565e-13
    4.56327e-13
    4.43462e-13
     4.3096e-13
    4.18811e-13
    4.07004e-13
     3.9553e-13
    3.84379e-13
    3.73543e-13
    3.63012e-13
    3.52778e-13
    3.42833e-13
    3.33168e-13
    3.23775e-13
    3.14648e-13
    3.05777e-13
    2.97157e-13
     2.8878e-13
    2.80638e-13
    2.72727e-13
    2.65038e-13
    2.57566e-13
    2.50305e-13
    2.43249e-13
    2.36391e-13
    2.29727e-13
    2.23251e-13
    2.16957e-13
     2.1084e-13
    2.04896e-13
     1.9912e-13
    1.93507e-13
    1.88051e-13
     1.8275e-13
    1.77598e-13
    1.72591e-13
    1.67725e-13
    1.62997e-13
    1.58402e-13
    1.53936e-13
    1.49597e-13
    1.45379e-13
    1.41281e-13
    1.37298e-13
    1.33427e-13
    1.29666e-13
     1.2601e-13
    1.22458e-13
    1.19005e-13
    1.15651e-13
     1.1239e-13
    1.09222e-13
    1.06143e-13
     1.0315e-13
    1.00242e-13
    9.74163e-14
      9.467e-14
    9.20011e-14
    8.94074e-14
    8.68869e-14
    8.44374e-14
     8.2057e-14
    7.97437e-14
    7.74956e-14
    7.53109e-14
    7.31877e-14
    7.11244e-14
    6.91193e-14
    6.71708e-14
    6.52771e-14
    6.34368e-14
    6.16485e-14
    5.99105e-14
    5.82215e-14
    5.65802e-14
    5.49851e-14
     5.3435e-14
    5.19285e-14
    5.04646e-14
    4.90419e-14
    4.76594e-14
    4.63158e-14
      4.501e-14
    4.37411e-14
     4.2508e-14
    4.13096e-14
    4.01451e-14
    3.90133e-14
    3.79135e-14
    3.68446e-14
    3.58059e-14
    3.47965e-14
    3.38155e-14
    3.28622e-14
    3.19358e-14
    3.10355e-14
    3.01605e-14
    2.93102e-14
    2.84839e-14
    2.76809e-14
    2.69006e-14
    2.61422e-14
    2.54052e-14
     2.4689e-14
     2.3993e-14
    2.33166e-14
    2.26592e-14
    2.20204e-14
    2.13996e-14
    2.07964e-14
    2.02101e-14
    1.96403e-14
    1.90866e-14
    1.85485e-14
    1.80256e-14
    1.75175e-14
    1.70236e-14
    1.65437e-14
    1.60773e-14
    1.56241e-14
    1.51836e-14
    1.47555e-14
    1.43396e-14
    1.39353e-14
    1.35424e-14
    1.31607e-14
    1.27896e-14
    1.24291e-14
    1.20787e-14
    1.17382e-14
    1.14073e-14
    1.10857e-14
    1.07731e-14
    1.04694e-14
    1.01743e-14
    9.88745e-15
