              0
              0
              0
              0
              0
              0
              0
              0
    0.000104883
     0.00136743
     0.00103759
       0.599855
       0.502059
     0.00343858
     0.00284587
     0.00476638
     0.00551394
     0.00483377
     0.00411697
     0.00381399
     0.00423562
      0.0720272
     0.00390033
     0.00402073
       0.207965
      0.0722785
       0.164575
      0.0973036
     0.00513003
       0.036336
      0.0360697
      0.0821042
      0.0966684
       0.004284
      0.0505091
     0.00441068
       0.177353
       0.144736
      0.0257836
      0.0572781
     0.00443405
      0.0671132
      0.0681935
      0.0781366
      0.0398545
     0.00390298
       0.085595
      0.0182556
     0.00382687
     0.00371633
     0.00373138
     0.00372851
      0.0608331
      0.0249133
      0.0330387
      0.0344576
     0.00329335
      0.0131277
     0.00315517
      0.0176212
     0.00302184
      0.0361542
     0.00754129
     0.00293351
     0.00961154
     0.00957208
     0.00275253
       0.017143
      0.0237501
      0.0237336
       0.015913
     0.00914944
      0.0023877
     0.00905191
      0.0130461
     0.00681637
     0.00220693
     0.00670687
      0.0205153
     0.00625342
     0.00820195
     0.00192661
     0.00645898
      0.0018523
     0.00490372
     0.00176409
     0.00595725
     0.00622781
     0.00474659
     0.00160378
     0.00677442
     0.00152226
     0.00458727
     0.00601967
     0.00351806
     0.00281611
     0.00345373
      0.0022917
     0.00272369
     0.00434372
      0.0018835
     0.00406283
     0.00115681
     0.00178989
     0.00110297
     0.00270891
     0.00149757
      0.0021352
    0.000993569
     0.00163155
     0.00139544
    0.000922715
     0.00201021
     0.00132417
    0.000851513
    0.000824716
    0.000804614
     0.00123255
     0.00106862
     0.00150207
    0.000932373
     0.00070725
    0.000685565
     0.00185329
    0.000955493
     0.00190976
     0.00250014
    0.000906397
     0.00343532
     0.00143951
     0.00116561
     0.00136006
     0.00268246
      0.0032294
     0.00122145
     0.00206565
     0.00120595
    0.000456735
     0.00110924
    0.000433694
     0.00108028
     0.00102209
    0.000399762
    0.000388771
    0.000587058
    0.000457521
    0.000358063
     0.00034988
     0.00044835
    0.000472158
    0.000320732
    0.000312084
    0.000512056
    0.000295811
    0.000655103
    0.000279932
    0.000338177
    0.000295582
     0.00025761
    0.000250823
    0.000243401
     0.00023748
    0.000295601
    0.000350548
    0.000314354
    0.000322426
    0.000473524
     0.00021486
    0.000226144
     0.00024102
    0.000205235
    0.000356365
    0.000174658
    0.000190374
     0.00020497
    0.000271058
    0.000156205
    0.000196984
    0.000147954
    0.000143764
    0.000139949
    0.000136299
    0.000183179
    0.000158983
    0.000139216
    0.000121552
    0.000118295
    0.000134003
    0.000132304
    0.000127941
     0.00014033
    0.000123413
    0.000106603
     0.00011423
    0.000145481
    0.000142645
    9.89448e-05
    0.000121281
    9.31767e-05
    8.20616e-05
    7.97287e-05
    7.77167e-05
    8.18759e-05
    8.29155e-05
     7.1371e-05
    7.37613e-05
    6.73551e-05
    0.000102222
    7.90258e-05
    6.48453e-05
    7.61934e-05
    7.89737e-05
    6.33712e-05
    5.62616e-05
     5.5162e-05
    5.42983e-05
    5.63423e-05
    5.03499e-05
    4.89875e-05
     4.6717e-05
     4.6801e-05
    4.85337e-05
     4.2868e-05
    4.16899e-05
    4.35834e-05
    4.23863e-05
    4.03426e-05
    3.72751e-05
    3.92201e-05
    3.61299e-05
    3.51492e-05
    3.32567e-05
    3.23314e-05
    3.18466e-05
     3.2995e-05
    5.03005e-05
    3.22969e-05
    3.38495e-05
    3.23015e-05
     3.3619e-05
    2.57716e-05
    2.64214e-05
    3.48213e-05
    3.75712e-05
    4.14438e-05
    2.39404e-05
    2.35986e-05
    3.57806e-05
    2.49684e-05
    2.71458e-05
    1.99363e-05
     2.5808e-05
    2.02209e-05
    2.20913e-05
    2.34109e-05
    1.81202e-05
    1.93641e-05
    2.70195e-05
    1.54494e-05
    2.83398e-05
    1.47372e-05
    1.54897e-05
    2.33358e-05
    1.52292e-05
    1.34397e-05
    1.28699e-05
     1.3785e-05
    1.23708e-05
    1.81172e-05
    1.13719e-05
    1.12834e-05
    1.09599e-05
    1.03834e-05
    1.01922e-05
    1.29449e-05
    9.62377e-06
    9.26799e-06
    9.00745e-06
    8.75532e-06
    8.80677e-06
    8.27095e-06
    8.04006e-06
     7.8107e-06
    7.63797e-06
    7.67829e-06
    7.17777e-06
    7.06764e-06
    6.86581e-06
    6.67824e-06
     6.4042e-06
    6.22572e-06
    6.08015e-06
    6.61054e-06
    5.72686e-06
    5.55035e-06
    5.53648e-06
    5.24534e-06
    5.09937e-06
    5.01929e-06
    4.93863e-06
    4.68964e-06
    4.55015e-06
    4.65145e-06
    4.31724e-06
    4.26861e-06
    4.10761e-06
    3.94418e-06
    3.97828e-06
    3.74681e-06
     3.6654e-06
    3.73288e-06
    3.51524e-06
    3.40311e-06
    3.23168e-06
    3.14091e-06
    3.05164e-06
    2.96606e-06
    3.17741e-06
    2.92621e-06
    2.80058e-06
    2.70127e-06
    2.99612e-06
    2.51412e-06
    2.43928e-06
    2.36797e-06
    2.32892e-06
    2.23403e-06
    2.16745e-06
     2.1223e-06
    2.04928e-06
    2.13367e-06
    1.93447e-06
    1.88039e-06
    1.83355e-06
     1.7865e-06
    1.78339e-06
    1.67681e-06
    1.63619e-06
    1.58383e-06
    1.53956e-06
    1.49598e-06
    1.45362e-06
    1.41385e-06
    1.39348e-06
    1.33579e-06
    1.30072e-06
    1.26081e-06
    1.22588e-06
    1.19071e-06
    1.17905e-06
    1.12494e-06
     1.1041e-06
    1.06224e-06
    1.03438e-06
    1.01703e-06
    1.00484e-06
    9.50838e-07
    9.90835e-07
    9.02803e-07
    8.70793e-07
    8.74537e-07
    8.22975e-07
     7.9834e-07
    7.95784e-07
    7.54116e-07
    7.33164e-07
    7.81858e-07
    6.95383e-07
    6.75919e-07
    6.54688e-07
    6.67768e-07
    6.90128e-07
    6.07371e-07
    5.83321e-07
    5.71036e-07
    5.81078e-07
    5.38235e-07
    5.21683e-07
    5.11933e-07
     4.9294e-07
    4.97591e-07
    4.65534e-07
    4.52017e-07
     4.3835e-07
    4.26026e-07
    4.14906e-07
    4.02338e-07
     3.9284e-07
    3.93576e-07
    3.70383e-07
    3.60937e-07
     3.5319e-07
     3.3906e-07
     3.3773e-07
    3.20165e-07
    3.11195e-07
    3.02411e-07
    2.93953e-07
      2.856e-07
    2.77565e-07
    2.69751e-07
    2.62201e-07
    2.54794e-07
     2.4766e-07
    2.40665e-07
    2.34804e-07
    2.27275e-07
    2.21773e-07
    2.14654e-07
    2.08584e-07
    2.02712e-07
    1.97001e-07
    1.92894e-07
    1.86063e-07
    1.80892e-07
    1.75783e-07
     1.7505e-07
    1.65996e-07
    1.63298e-07
    1.56787e-07
    1.52374e-07
    1.48046e-07
    1.44509e-07
    1.39826e-07
    1.35919e-07
       1.52e-07
    1.28384e-07
    1.24763e-07
    1.24126e-07
     1.1781e-07
    1.14495e-07
    1.11287e-07
     1.0874e-07
    1.14288e-07
    1.02117e-07
    9.92403e-08
    9.64906e-08
    1.07286e-07
    9.11184e-08
    8.85444e-08
    8.60322e-08
     8.3619e-08
    8.12594e-08
     7.8975e-08
    7.67519e-08
    7.45774e-08
    7.24751e-08
    7.04372e-08
    6.84614e-08
     6.7868e-08
    6.46642e-08
     6.2838e-08
    6.10645e-08
    5.93361e-08
    5.76655e-08
    5.60453e-08
    5.44591e-08
    5.29289e-08
    5.14347e-08
    5.00064e-08
    4.85805e-08
    4.72259e-08
    4.58883e-08
     4.4588e-08
    4.33357e-08
    4.21122e-08
    4.09276e-08
     3.9778e-08
    3.86491e-08
    3.75627e-08
    3.65022e-08
    3.54808e-08
     3.4475e-08
    3.35107e-08
    3.25665e-08
    3.16434e-08
    3.07508e-08
    2.98835e-08
    3.05748e-08
    2.82228e-08
    2.74274e-08
    2.66539e-08
    2.59042e-08
    2.51814e-08
    2.44651e-08
    2.37802e-08
    2.31096e-08
    2.24537e-08
    2.18226e-08
    2.12069e-08
    2.06109e-08
    2.00304e-08
    1.94634e-08
    2.07376e-08
    1.83819e-08
    1.78666e-08
    1.73608e-08
    1.68744e-08
    1.63995e-08
    1.68457e-08
     1.5485e-08
    1.50487e-08
    1.46253e-08
    1.42116e-08
    1.38113e-08
    1.34219e-08
    1.30443e-08
    1.26805e-08
     1.2939e-08
    1.19746e-08
    1.16372e-08
     1.1307e-08
    1.09887e-08
    1.06792e-08
    1.03801e-08
    1.00849e-08
    9.80112e-09
    9.52465e-09
    9.25744e-09
    8.99559e-09
    8.74326e-09
    8.49709e-09
    8.25646e-09
    8.02345e-09
    7.79731e-09
    7.57793e-09
    7.36375e-09
     7.1563e-09
    6.95453e-09
    6.75858e-09
    6.56995e-09
    6.38322e-09
    6.20406e-09
    6.02916e-09
    5.85841e-09
    5.69319e-09
    5.53296e-09
    5.37712e-09
    5.22585e-09
    5.07798e-09
    4.93495e-09
    4.79573e-09
    4.66125e-09
    4.52938e-09
    4.40219e-09
    4.27814e-09
    4.15719e-09
    4.03971e-09
    3.92586e-09
    3.81547e-09
    3.70766e-09
    3.60321e-09
     3.5016e-09
    3.40296e-09
    3.30791e-09
    3.21395e-09
    3.12369e-09
    3.03563e-09
    2.94969e-09
     2.8665e-09
    2.78582e-09
    2.70764e-09
    2.63088e-09
    2.55678e-09
    2.48469e-09
    2.41493e-09
    2.34667e-09
    2.28074e-09
    2.21649e-09
     2.1538e-09
      2.093e-09
      2.034e-09
    1.97678e-09
    1.92093e-09
    1.86682e-09
    1.81417e-09
    1.76306e-09
    1.71377e-09
    1.66513e-09
    1.61835e-09
    1.57273e-09
    1.52822e-09
    1.48513e-09
    1.44331e-09
    1.40266e-09
    1.36318e-09
    1.32464e-09
    1.28732e-09
    1.25101e-09
    1.21589e-09
    1.18152e-09
    1.14832e-09
    1.11595e-09
    1.08442e-09
    1.05379e-09
    1.02409e-09
    9.95278e-10
    9.67168e-10
    9.39916e-10
    9.13413e-10
    8.87679e-10
    8.62658e-10
    8.38352e-10
    8.14704e-10
    7.91739e-10
    7.69416e-10
    7.47719e-10
    7.26643e-10
    7.06156e-10
    6.86248e-10
    6.66902e-10
    6.48102e-10
    6.29832e-10
    6.12076e-10
    5.94822e-10
    5.78052e-10
    5.61756e-10
    5.45919e-10
    5.30528e-10
    5.15571e-10
    5.01037e-10
    4.86912e-10
    4.73185e-10
    4.59845e-10
    4.46881e-10
    4.34283e-10
     4.2204e-10
    4.10142e-10
     3.9858e-10
    3.87343e-10
    3.76423e-10
    3.65811e-10
    3.55498e-10
    3.45476e-10
    3.35737e-10
    3.26272e-10
    3.17074e-10
    3.08135e-10
    2.99448e-10
    2.91006e-10
    2.82802e-10
     2.7483e-10
    2.67082e-10
    2.59552e-10
    2.52235e-10
    2.45124e-10
    2.38214e-10
    2.31498e-10
    2.24972e-10
     2.1863e-10
    2.12466e-10
    2.06476e-10
    2.00655e-10
    1.94999e-10
    1.89501e-10
    1.84159e-10
    1.78967e-10
    1.73922e-10
    1.69019e-10
    1.64254e-10
    1.59623e-10
    1.55123e-10
     1.5075e-10
      1.465e-10
     1.4237e-10
    1.38356e-10
    1.34456e-10
    1.30665e-10
    1.26982e-10
    1.23402e-10
    1.19923e-10
    1.16542e-10
    1.13257e-10
    1.10064e-10
    1.06961e-10
    1.03946e-10
    1.01015e-10
    9.81674e-11
    9.53999e-11
    9.27105e-11
    9.00968e-11
    8.75568e-11
    8.50885e-11
    8.26897e-11
    8.03585e-11
    7.80931e-11
    7.58915e-11
     7.3752e-11
    7.16729e-11
    6.96523e-11
    6.76887e-11
    6.57804e-11
     6.3926e-11
    6.21238e-11
    6.03724e-11
    5.86704e-11
    5.70164e-11
     5.5409e-11
     5.3847e-11
    5.23289e-11
    5.08537e-11
    4.94201e-11
    4.80268e-11
    4.66729e-11
    4.53571e-11
    4.40784e-11
    4.28358e-11
    4.16282e-11
    4.04546e-11
    3.93141e-11
    3.82058e-11
    3.71287e-11
     3.6082e-11
    3.50648e-11
    3.40763e-11
    3.31156e-11
     3.2182e-11
    3.12748e-11
    3.03931e-11
    2.95362e-11
    2.87036e-11
    2.78944e-11
     2.7108e-11
    2.63438e-11
    2.56011e-11
    2.48794e-11
     2.4178e-11
    2.34964e-11
     2.2834e-11
    2.21902e-11
    2.15647e-11
    2.09567e-11
    2.03659e-11
    1.97918e-11
    1.92338e-11
    1.86916e-11
    1.81646e-11
    1.76525e-11
    1.71549e-11
    1.66713e-11
    1.62013e-11
    1.57445e-11
    1.53007e-11
    1.48693e-11
    1.44501e-11
    1.40428e-11
    1.36469e-11
    1.32621e-11
    1.28883e-11
    1.25249e-11
    1.21718e-11
    1.18287e-11
    1.14952e-11
    1.11711e-11
    1.08562e-11
    1.05502e-11
    1.02527e-11
    9.96369e-12
     9.6828e-12
    9.40983e-12
    9.14455e-12
    8.88675e-12
    8.63622e-12
    8.39275e-12
    8.15614e-12
    7.92621e-12
    7.70276e-12
    7.48561e-12
    7.27457e-12
    7.06949e-12
    6.87019e-12
    6.67651e-12
    6.48829e-12
    6.30537e-12
    6.12762e-12
    5.95487e-12
    5.78699e-12
    5.62385e-12
     5.4653e-12
    5.31123e-12
     5.1615e-12
    5.01598e-12
    4.87458e-12
    4.73715e-12
    4.60361e-12
    4.47382e-12
     4.3477e-12
    4.22513e-12
    4.10602e-12
    3.99026e-12
    3.87777e-12
    3.76845e-12
    3.66221e-12
    3.55897e-12
    3.45864e-12
    3.36113e-12
    3.26638e-12
    3.17429e-12
     3.0848e-12
    2.99784e-12
    2.91332e-12
    2.83119e-12
    2.75138e-12
    2.67381e-12
    2.59843e-12
    2.52518e-12
    2.45399e-12
    2.38481e-12
    2.31758e-12
    2.25224e-12
    2.18875e-12
    2.12704e-12
    2.06708e-12
     2.0088e-12
    1.95217e-12
    1.89714e-12
    1.84365e-12
    1.79168e-12
    1.74117e-12
    1.69208e-12
    1.64438e-12
    1.59802e-12
    1.55297e-12
    1.50919e-12
    1.46664e-12
     1.4253e-12
    1.38512e-12
    1.34607e-12
    1.30812e-12
    1.27124e-12
     1.2354e-12
    1.20057e-12
    1.16673e-12
    1.13384e-12
    1.10187e-12
    1.07081e-12
    1.04062e-12
    1.01128e-12
    9.82774e-13
    9.55068e-13
    9.28144e-13
    9.01978e-13
     8.7655e-13
    8.51838e-13
    8.27824e-13
    8.04486e-13
    7.81806e-13
    7.59766e-13
    7.38347e-13
    7.17532e-13
    6.97303e-13
    6.77645e-13
    6.58541e-13
    6.39976e-13
    6.21934e-13
    6.04401e-13
    5.87362e-13
    5.70803e-13
    5.54711e-13
    5.39073e-13
    5.23876e-13
    5.09107e-13
    4.94754e-13
    4.80807e-13
    4.67252e-13
    4.54079e-13
    4.41278e-13
    4.28838e-13
    4.16748e-13
    4.04999e-13
    3.93582e-13
    3.82486e-13
    3.71703e-13
    3.61224e-13
    3.51041e-13
    3.41144e-13
    3.31527e-13
    3.22181e-13
    3.13098e-13
    3.04271e-13
    2.95693e-13
    2.87357e-13
    2.79256e-13
    2.71384e-13
    2.63733e-13
    2.56298e-13
    2.49072e-13
    2.42051e-13
    2.35227e-13
    2.28595e-13
    2.22151e-13
    2.15888e-13
    2.09802e-13
    2.03887e-13
    1.98139e-13
    1.92554e-13
    1.87125e-13
     1.8185e-13
    1.76723e-13
    1.71741e-13
    1.66899e-13
    1.62194e-13
    1.57622e-13
    1.53178e-13
     1.4886e-13
    1.44663e-13
    1.40585e-13
    1.36622e-13
     1.3277e-13
    1.29027e-13
     1.2539e-13
    1.21855e-13
    1.18419e-13
    1.15081e-13
    1.11837e-13
    1.08684e-13
     1.0562e-13
    1.02642e-13
    9.97486e-14
    9.69365e-14
    9.42037e-14
     9.1548e-14
    8.89671e-14
     8.6459e-14
    8.40215e-14
    8.16528e-14
    7.93509e-14
    7.71139e-14
    7.49399e-14
    7.28273e-14
    7.07741e-14
    6.87789e-14
    6.68399e-14
    6.49556e-14
    6.31244e-14
    6.13448e-14
    5.96154e-14
    5.79348e-14
    5.63015e-14
    5.47143e-14
    5.31718e-14
    5.16728e-14
    5.02161e-14
    4.88004e-14
    4.74246e-14
    4.60877e-14
    4.47884e-14
    4.35257e-14
    4.22987e-14
    4.11062e-14
    3.99473e-14
    3.88212e-14
    3.77267e-14
    3.66632e-14
    3.56296e-14
    3.46251e-14
     3.3649e-14
    3.27004e-14
    3.17785e-14
    3.08826e-14
     3.0012e-14
    2.91659e-14
    2.83437e-14
    2.75446e-14
    2.67681e-14
    2.60134e-14
    2.52801e-14
    2.45674e-14
    2.38748e-14
    2.32017e-14
    2.25476e-14
     2.1912e-14
    2.12943e-14
    2.06939e-14
    2.01105e-14
    1.95436e-14
    1.89926e-14
    1.84572e-14
    1.79369e-14
    1.74312e-14
    1.69398e-14
    1.64622e-14
    1.59981e-14
    1.55471e-14
    1.51088e-14
    1.46829e-14
    1.42689e-14
    1.38667e-14
    1.34758e-14
    1.30958e-14
    1.27267e-14
    1.23679e-14
    1.20192e-14
    1.16804e-14
    1.13511e-14
    1.10311e-14
    1.07201e-14
    1.04179e-14
    1.01242e-14
    9.83876e-15
