              0
              0
              0
              0
              0
              0
              0
              0
              0
     0.00161647
    0.000775908
     0.00115863
     0.00262125
     0.00411398
     0.00244417
     0.00535194
     0.00482328
     0.00527885
     0.00401439
     0.00349103
     0.00481859
     0.00402169
     0.00429024
     0.00387183
     0.00389139
     0.00418552
     0.00462596
     0.00539268
     0.00416206
     0.00476931
     0.00506206
      0.0042151
     0.00440776
     0.00421451
     0.00372147
     0.00432469
     0.00413967
     0.00381601
     0.00468419
     0.00413116
     0.00473637
     0.00470098
      0.0039685
     0.00475788
      0.0041038
     0.00414144
     0.00415334
     0.00386531
     0.00384598
     0.00352669
     0.00379968
     0.00364104
     0.00349801
     0.00344169
     0.00359357
     0.00333838
     0.00320267
     0.00316922
     0.00322511
     0.00310906
     0.00309323
     0.00300126
     0.00306741
     0.00291511
      0.0028815
     0.00288157
     0.00276283
     0.00262374
     0.00250338
     0.00250043
     0.00249355
     0.00240325
     0.00236068
     0.00232463
     0.00236101
     0.00219476
     0.00220894
     0.00212935
     0.00205367
     0.00200157
     0.00194721
     0.00187573
     0.00187559
     0.00182023
     0.00176254
     0.00176377
     0.00175945
     0.00166536
     0.00164288
     0.00158753
     0.00156003
     0.00150748
     0.00146545
     0.00142909
     0.00139305
     0.00135674
     0.00131602
     0.00128786
     0.00129065
     0.00123161
     0.00121588
     0.00117478
     0.00113539
     0.00111557
     0.00107946
     0.00105227
      0.0010286
     0.00100955
    0.000967263
    0.000974459
    0.000932988
    0.000909941
    0.000894833
    0.000860952
    0.000848269
    0.000811599
    0.000787838
    0.000768123
    0.000744737
    0.000737289
    0.000723207
    0.000698629
     0.00068918
    0.000665254
    0.000640583
      0.0006296
    0.000612114
    0.000590558
     0.00057936
    0.000562551
     0.00054426
    0.000532682
    0.000523115
    0.000506302
    0.000494115
    0.000478718
    0.000461234
    0.000450849
    0.000440162
    0.000429613
    0.000416024
    0.000406983
    0.000394802
    0.000384604
    0.000377537
    0.000367999
    0.000352666
    0.000346286
    0.000334185
    0.000324996
    0.000316596
    0.000308682
    0.000299853
    0.000292412
    0.000285231
    0.000275996
     0.00027164
    0.000263116
    0.000255132
    0.000248426
    0.000239753
    0.000233791
    0.000228067
    0.000221886
    0.000215898
     0.00020999
    0.000203769
    0.000200821
    0.000193919
     0.00018693
     0.00018287
    0.000177024
    0.000172529
    0.000168026
    0.000162909
    0.000158088
    0.000154811
    0.000150534
    0.000145764
    0.000143771
    0.000139358
    0.000134376
    0.000130943
    0.000126764
    0.000123747
    0.000120053
    0.000116696
    0.000113249
    0.000110636
    0.000107447
     0.00010424
    0.000102602
    9.95952e-05
    9.62156e-05
    9.38765e-05
     9.1118e-05
    8.83757e-05
    8.61478e-05
    8.37113e-05
    8.10742e-05
    7.91007e-05
    7.68164e-05
    7.48959e-05
    7.31757e-05
    7.12034e-05
    6.86104e-05
    6.68321e-05
    6.48924e-05
    6.31708e-05
    6.14068e-05
    5.95899e-05
    5.79126e-05
     5.6391e-05
    5.47743e-05
    5.35965e-05
    5.21415e-05
    5.03513e-05
    4.90764e-05
    4.75928e-05
    4.62604e-05
    4.50447e-05
    4.36779e-05
    4.25254e-05
    4.13654e-05
    4.01998e-05
    3.90574e-05
    3.81858e-05
    3.71712e-05
    3.58649e-05
    3.48873e-05
    3.39852e-05
    3.29674e-05
    3.20769e-05
    3.11354e-05
     3.0259e-05
    2.94293e-05
    2.86336e-05
    2.78249e-05
    2.71761e-05
    2.64638e-05
    2.55446e-05
    2.48423e-05
    2.41874e-05
    2.34957e-05
    2.28082e-05
    2.21594e-05
    2.15395e-05
    2.09515e-05
    2.04001e-05
    1.97888e-05
    1.93451e-05
     1.8836e-05
    1.81811e-05
    1.76942e-05
    1.71844e-05
    1.67295e-05
     1.6246e-05
    1.57793e-05
    1.53344e-05
    1.49146e-05
    1.45095e-05
    1.41641e-05
    1.37615e-05
    1.33089e-05
    1.29612e-05
    1.25864e-05
    1.22473e-05
    1.19002e-05
    1.15566e-05
    1.12379e-05
    1.09399e-05
     1.0615e-05
    1.03216e-05
    1.00797e-05
    9.79564e-06
    9.46829e-06
    9.21243e-06
     8.9587e-06
    8.70805e-06
     8.4631e-06
    8.22291e-06
    7.98378e-06
    7.76815e-06
    7.54913e-06
    7.33497e-06
    7.16534e-06
    6.96427e-06
    6.73216e-06
    6.54973e-06
    6.36775e-06
    6.19309e-06
    6.01433e-06
    5.84897e-06
     5.6771e-06
    5.52389e-06
    5.36747e-06
    5.21408e-06
    5.09273e-06
    4.94985e-06
    4.78688e-06
    4.65674e-06
    4.52638e-06
    4.40097e-06
    4.27555e-06
    4.15507e-06
    4.03662e-06
    3.92646e-06
    3.81587e-06
    3.70893e-06
    3.61737e-06
    3.51726e-06
    3.40321e-06
     3.3121e-06
    3.21658e-06
    3.12807e-06
     3.0411e-06
    2.95418e-06
    2.86835e-06
    2.79138e-06
    2.71179e-06
    2.64577e-06
    2.57212e-06
    2.48914e-06
    2.42094e-06
    2.35195e-06
    2.28595e-06
    2.22265e-06
     2.1591e-06
    2.09839e-06
    2.04063e-06
     1.9825e-06
    1.92632e-06
    1.87944e-06
    1.82769e-06
    1.76827e-06
    1.72054e-06
    1.67071e-06
    1.62438e-06
    1.57929e-06
    1.53369e-06
    1.49073e-06
    1.44986e-06
    1.40845e-06
    1.36857e-06
    1.33499e-06
    1.29879e-06
    1.25687e-06
     1.2221e-06
    1.18729e-06
    1.15417e-06
     1.1221e-06
    1.08976e-06
    1.05902e-06
    1.02997e-06
    1.00062e-06
      9.725e-07
    9.48273e-07
    9.22171e-07
    8.92559e-07
    8.68203e-07
    8.43301e-07
    8.19857e-07
    7.96969e-07
    7.74353e-07
    7.52063e-07
    7.31597e-07
    7.10836e-07
    6.92879e-07
    6.73817e-07
    6.52635e-07
    6.34566e-07
     6.1646e-07
    5.99106e-07
    5.82383e-07
    5.65889e-07
     5.4978e-07
    5.34627e-07
    5.19495e-07
    5.04789e-07
    4.92186e-07
    4.78456e-07
    4.63376e-07
     4.5062e-07
    4.37807e-07
    4.25526e-07
     4.1365e-07
    4.01899e-07
    3.90384e-07
    3.79716e-07
     3.6893e-07
    3.58524e-07
    3.49507e-07
    3.39713e-07
    3.29083e-07
    3.20003e-07
      3.109e-07
    3.02188e-07
    2.93749e-07
    2.85405e-07
     2.7725e-07
    2.69636e-07
    2.61988e-07
    2.54588e-07
    2.48131e-07
    2.41248e-07
    2.33684e-07
    2.27274e-07
    2.20757e-07
    2.14597e-07
    2.08581e-07
    2.02633e-07
    1.96903e-07
    1.91471e-07
    1.86043e-07
    1.81258e-07
    1.76196e-07
    1.70796e-07
    1.66053e-07
    1.61323e-07
    1.56793e-07
    1.52419e-07
    1.48078e-07
    1.43859e-07
    1.39946e-07
    1.35932e-07
    1.32103e-07
    1.28701e-07
    1.25123e-07
    1.21243e-07
    1.17896e-07
    1.14541e-07
    1.11349e-07
    1.08206e-07
    1.05139e-07
    1.02157e-07
     9.9351e-08
    9.65299e-08
    9.37932e-08
    9.13743e-08
     8.8828e-08
    8.60861e-08
    8.37061e-08
    8.13242e-08
    7.90548e-08
    7.68266e-08
    7.46485e-08
     7.2527e-08
    7.05332e-08
    6.85288e-08
    6.65919e-08
    6.48662e-08
    6.30594e-08
    6.11192e-08
    5.94266e-08
    5.77367e-08
    5.61256e-08
     5.4543e-08
    5.29985e-08
    5.14948e-08
    5.00711e-08
    4.86522e-08
    4.73786e-08
     4.6054e-08
    4.46586e-08
    4.34166e-08
    4.21771e-08
    4.09999e-08
    3.98462e-08
    3.87125e-08
    3.76186e-08
    3.65758e-08
     3.5542e-08
    3.45352e-08
    3.36327e-08
    3.26938e-08
    3.17002e-08
    3.08187e-08
    2.99433e-08
    2.91066e-08
    2.82856e-08
    2.74833e-08
    2.67053e-08
    2.59671e-08
    2.52308e-08
    2.45172e-08
    2.38737e-08
    2.32069e-08
     2.2503e-08
    2.18776e-08
    2.12564e-08
    2.06613e-08
    2.00797e-08
    1.95102e-08
     1.8957e-08
    1.84325e-08
    1.79105e-08
    1.74042e-08
     1.6946e-08
    1.64724e-08
    1.59741e-08
      1.553e-08
    1.50891e-08
    1.46666e-08
    1.42536e-08
    1.38495e-08
    1.34569e-08
    1.30843e-08
    1.27139e-08
    1.23545e-08
    1.20282e-08
     1.1692e-08
    1.13393e-08
    1.10239e-08
     1.0711e-08
    1.04109e-08
    1.01178e-08
    9.83099e-09
    9.55238e-09
    9.28767e-09
    9.02479e-09
    8.78459e-09
    8.53851e-09
     8.2832e-09
    8.05267e-09
    7.82336e-09
    7.60406e-09
    7.39045e-09
    7.18052e-09
    6.97742e-09
     6.7836e-09
    6.59162e-09
     6.4054e-09
    6.23514e-09
    6.06064e-09
    5.87908e-09
    5.71541e-09
    5.55324e-09
    5.39756e-09
    5.24555e-09
    5.09696e-09
     4.9526e-09
    4.81509e-09
    4.67886e-09
    4.54664e-09
    4.42543e-09
    4.30154e-09
    4.17304e-09
    4.05672e-09
     3.9417e-09
    3.83118e-09
    3.72328e-09
    3.61782e-09
    3.51537e-09
    3.41771e-09
    3.32103e-09
     3.2272e-09
    3.14094e-09
    3.05299e-09
    2.96199e-09
     2.8794e-09
    2.79777e-09
    2.71931e-09
    2.64272e-09
    2.56789e-09
    2.49518e-09
    2.42582e-09
    2.35721e-09
     2.2938e-09
    2.22947e-09
    2.16349e-09
    2.10314e-09
    2.04336e-09
    1.98602e-09
    1.93019e-09
    1.87544e-09
    1.82243e-09
    1.77166e-09
    1.72156e-09
    1.67295e-09
    1.62799e-09
    1.58237e-09
    1.53547e-09
    1.49262e-09
    1.45032e-09
    1.40962e-09
    1.36992e-09
    1.33114e-09
    1.29347e-09
    1.25746e-09
    1.22191e-09
    1.18739e-09
    1.15541e-09
    1.12302e-09
    1.08981e-09
    1.05937e-09
    1.02937e-09
    1.00048e-09
    9.72296e-10
    9.44779e-10
    9.18047e-10
    8.92473e-10
    8.67243e-10
     8.4275e-10
    8.18999e-10
    7.95943e-10
    7.73461e-10
    7.51608e-10
    7.30429e-10
    7.09851e-10
    6.89818e-10
    6.70384e-10
    6.51477e-10
    6.33119e-10
     6.1528e-10
    5.97939e-10
    5.81081e-10
    5.64699e-10
     5.4878e-10
    5.33304e-10
    5.18269e-10
    5.03659e-10
    4.89461e-10
    4.75663e-10
    4.62253e-10
    4.49222e-10
    4.36558e-10
    4.24252e-10
    4.12291e-10
    4.00668e-10
    3.89372e-10
    3.78395e-10
    3.67727e-10
     3.5736e-10
    3.47286e-10
    3.37495e-10
    3.27981e-10
    3.18734e-10
    3.09749e-10
    3.01016e-10
     2.9253e-10
    2.84283e-10
    2.76269e-10
    2.68481e-10
    2.60912e-10
    2.53556e-10
    2.46408e-10
    2.39461e-10
    2.32711e-10
     2.2615e-10
    2.19775e-10
    2.13579e-10
    2.07558e-10
    2.01706e-10
     1.9602e-10
    1.90494e-10
    1.85123e-10
    1.79905e-10
    1.74833e-10
    1.69904e-10
    1.65114e-10
    1.60459e-10
    1.55936e-10
     1.5154e-10
    1.47267e-10
    1.43116e-10
    1.39081e-10
     1.3516e-10
     1.3135e-10
    1.27647e-10
    1.24048e-10
    1.20551e-10
    1.17153e-10
     1.1385e-10
     1.1064e-10
    1.07521e-10
     1.0449e-10
    1.01544e-10
    9.86815e-11
    9.58996e-11
     9.3196e-11
    9.05687e-11
    8.80154e-11
    8.55341e-11
    8.31228e-11
    8.07794e-11
    7.85021e-11
     7.6289e-11
    7.41383e-11
    7.20482e-11
    7.00171e-11
    6.80432e-11
    6.61249e-11
    6.42608e-11
    6.24492e-11
    6.06886e-11
    5.89777e-11
     5.7315e-11
    5.56992e-11
     5.4129e-11
     5.2603e-11
      5.112e-11
    4.96789e-11
    4.82784e-11
    4.69173e-11
    4.55946e-11
    4.43093e-11
    4.30601e-11
    4.18462e-11
    4.06665e-11
      3.952e-11
    3.84059e-11
    3.73232e-11
     3.6271e-11
    3.52484e-11
    3.42547e-11
     3.3289e-11
    3.23506e-11
    3.14385e-11
    3.05522e-11
    2.96909e-11
    2.88539e-11
    2.80405e-11
    2.72499e-11
    2.64817e-11
    2.57352e-11
    2.50097e-11
    2.43046e-11
    2.36194e-11
    2.29535e-11
    2.23064e-11
    2.16776e-11
    2.10665e-11
    2.04726e-11
    1.98954e-11
    1.93345e-11
    1.87895e-11
    1.82598e-11
     1.7745e-11
    1.72447e-11
    1.67586e-11
    1.62861e-11
     1.5827e-11
    1.53808e-11
    1.49472e-11
    1.45258e-11
    1.41163e-11
    1.37183e-11
    1.33316e-11
    1.29558e-11
    1.25905e-11
    1.22356e-11
    1.18906e-11
    1.15554e-11
    1.12296e-11
    1.09131e-11
    1.06054e-11
    1.03064e-11
    1.00159e-11
    9.73351e-12
    9.45911e-12
    9.19244e-12
    8.93329e-12
    8.68145e-12
     8.4367e-12
    8.19886e-12
    7.96772e-12
     7.7431e-12
    7.52481e-12
    7.31267e-12
    7.10652e-12
    6.90617e-12
    6.71148e-12
    6.52227e-12
     6.3384e-12
    6.15971e-12
    5.98606e-12
     5.8173e-12
     5.6533e-12
    5.49392e-12
    5.33904e-12
    5.18853e-12
    5.04225e-12
     4.9001e-12
    4.76196e-12
    4.62772e-12
    4.49725e-12
    4.37047e-12
    4.24726e-12
    4.12752e-12
    4.01116e-12
    3.89808e-12
    3.78819e-12
    3.68139e-12
    3.57761e-12
    3.47675e-12
    3.37873e-12
    3.28348e-12
    3.19092e-12
    3.10096e-12
    3.01354e-12
    2.92858e-12
    2.84602e-12
    2.76579e-12
    2.68781e-12
    2.61204e-12
     2.5384e-12
    2.46684e-12
     2.3973e-12
    2.32971e-12
    2.26404e-12
    2.20021e-12
    2.13818e-12
     2.0779e-12
    2.01932e-12
     1.9624e-12
    1.90707e-12
    1.85331e-12
    1.80106e-12
    1.75029e-12
    1.70094e-12
    1.65299e-12
    1.60639e-12
     1.5611e-12
    1.51709e-12
    1.47432e-12
    1.43276e-12
    1.39237e-12
    1.35312e-12
    1.31497e-12
     1.2779e-12
    1.24187e-12
    1.20686e-12
    1.17284e-12
    1.13977e-12
    1.10764e-12
    1.07642e-12
    1.04607e-12
    1.01658e-12
    9.87921e-13
     9.6007e-13
    9.33004e-13
    9.06702e-13
     8.8114e-13
    8.56299e-13
    8.32159e-13
    8.08699e-13
    7.85901e-13
    7.63745e-13
    7.42214e-13
     7.2129e-13
    7.00955e-13
    6.81194e-13
     6.6199e-13
    6.43328e-13
    6.25191e-13
    6.07566e-13
    5.90438e-13
    5.73793e-13
    5.57616e-13
    5.41896e-13
    5.26619e-13
    5.11773e-13
    4.97346e-13
    4.83325e-13
    4.69699e-13
    4.56457e-13
    4.43589e-13
    4.31084e-13
    4.18931e-13
     4.0712e-13
    3.95643e-13
    3.84489e-13
     3.7365e-13
    3.63116e-13
    3.52879e-13
    3.42931e-13
    3.33263e-13
    3.23868e-13
    3.14738e-13
    3.05865e-13
    2.97242e-13
    2.88862e-13
    2.80719e-13
    2.72805e-13
    2.65114e-13
     2.5764e-13
    2.50377e-13
    2.43318e-13
    2.36459e-13
    2.29793e-13
    2.23314e-13
    2.17019e-13
    2.10901e-13
    2.04955e-13
    1.99177e-13
    1.93562e-13
    1.88105e-13
    1.82802e-13
    1.77649e-13
    1.72641e-13
    1.67773e-13
    1.63044e-13
    1.58447e-13
     1.5398e-13
    1.49639e-13
    1.45421e-13
    1.41321e-13
    1.37337e-13
    1.33465e-13
    1.29703e-13
    1.26046e-13
    1.22493e-13
     1.1904e-13
    1.15684e-13
    1.12422e-13
    1.09253e-13
    1.06173e-13
     1.0318e-13
    1.00271e-13
    9.74442e-14
    9.46971e-14
    9.20274e-14
     8.9433e-14
    8.69118e-14
    8.44616e-14
    8.20805e-14
    7.97665e-14
    7.75178e-14
    7.53324e-14
    7.32087e-14
    7.11448e-14
    6.91391e-14
      6.719e-14
    6.52958e-14
     6.3455e-14
    6.16661e-14
    5.99276e-14
    5.82382e-14
    5.65964e-14
    5.50008e-14
    5.34503e-14
    5.19434e-14
     5.0479e-14
     4.9056e-14
     4.7673e-14
     4.6329e-14
    4.50229e-14
    4.37537e-14
    4.25202e-14
    4.13215e-14
    4.01565e-14
    3.90245e-14
    3.79243e-14
    3.68552e-14
    3.58162e-14
    3.48064e-14
    3.38252e-14
    3.28716e-14
    3.19449e-14
    3.10443e-14
    3.01691e-14
    2.93186e-14
    2.84921e-14
    2.76889e-14
    2.69083e-14
    2.61497e-14
    2.54125e-14
    2.46961e-14
    2.39998e-14
    2.33232e-14
    2.26657e-14
    2.20267e-14
    2.14058e-14
    2.08023e-14
    2.02159e-14
    1.96459e-14
    1.90921e-14
    1.85539e-14
    1.80308e-14
    1.75225e-14
    1.70285e-14
    1.65484e-14
    1.60819e-14
    1.56285e-14
    1.51879e-14
    1.47598e-14
    1.43437e-14
    1.39393e-14
    1.35463e-14
    1.31644e-14
    1.27933e-14
    1.24326e-14
    1.20821e-14
    1.17415e-14
    1.14105e-14
    1.10888e-14
    1.07762e-14
    1.04724e-14
    1.01772e-14
    9.89028e-15
