              0
              0
              0
              0
              0
              0
              0
              0
    0.000235491
     0.00128234
     0.00110559
     0.00291425
     0.00157632
       0.301285
       0.403217
     0.00323793
     0.00413383
     0.00615991
     0.00444242
       0.207602
     0.00365179
      0.0718329
        0.14035
     0.00405278
      0.0499147
      0.0968071
      0.0508939
       0.346595
      0.0508199
      0.0511821
     0.00455951
     0.00465214
      0.0507696
      0.0987403
      0.0571552
      0.0670761
     0.00429696
      0.0967551
     0.00439562
       0.035768
      0.0671536
      0.0257145
      0.0187893
       0.151041
       0.109472
      0.0893482
      0.0183865
     0.00383008
     0.00376811
      0.0136942
      0.0135542
      0.0540413
      0.0181387
      0.0134344
      0.0180604
     0.00344164
      0.0178087
      0.0421343
     0.00319157
      0.0228841
       0.027478
       0.026319
       0.024178
      0.0195091
      0.0219926
      0.0127153
     0.00736865
      0.0125502
      0.0215876
     0.00932583
     0.00251869
     0.00705733
     0.00240801
        0.01216
     0.00232324
      0.0022653
     0.00431829
      0.0134408
     0.00832449
     0.00516201
     0.00200242
     0.00196197
     0.00612853
     0.00497001
     0.00325237
     0.00178006
     0.00695883
      0.0153418
     0.00765694
     0.00260023
     0.00468075
     0.00297878
     0.00671772
     0.00357337
     0.00880957
     0.00237547
      0.0111182
     0.00276088
      0.0027301
     0.00269824
     0.00221064
     0.00218113
     0.00591604
     0.00212037
     0.00274489
     0.00272508
      0.0010567
     0.00169342
     0.00100644
     0.00173176
     0.00238366
     0.00123679
     0.00202071
    0.000882868
     0.00152086
     0.00225653
     0.00229839
    0.000792965
     0.00174127
    0.000751283
     0.00184435
     0.00137381
     0.00120743
     0.00165395
    0.000656701
      0.0013038
     0.00123598
     0.00095611
     0.00160307
    0.000574089
    0.000865345
    0.000893861
    0.000737333
    0.000967788
    0.000503172
     0.00110134
    0.000826724
    0.000977501
    0.000591509
    0.000579884
    0.000426859
    0.000862641
    0.000610883
     0.00086328
    0.000776204
    0.000677691
    0.000362363
    0.000803954
    0.000388519
     0.00094543
    0.000324171
    0.000412241
    0.000992632
    0.000485098
    0.000499048
    0.000313329
    0.000466784
    0.000440703
    0.000633354
    0.000557546
    0.000312454
    0.000534078
    0.000540253
    0.000413353
    0.000429067
    0.000249598
    0.000274336
    0.000554241
    0.000241924
    0.000323268
      0.0002079
    0.000361803
    0.000186394
    0.000411013
    0.000225628
    0.000162577
    0.000158074
    0.000153809
    0.000149623
    0.000145426
    0.000195615
    0.000144279
    0.000147947
     0.00022603
    0.000142445
    0.000132643
    0.000119646
    0.000143301
    0.000157729
    0.000119323
    0.000132023
    0.000113593
    0.000105638
    0.000118858
    0.000108236
    9.28451e-05
    9.03525e-05
    0.000102033
    8.83686e-05
    0.000123578
    8.27549e-05
    8.79606e-05
    7.63149e-05
    7.63022e-05
    9.27267e-05
    7.01689e-05
    7.77488e-05
    6.62658e-05
    6.44597e-05
    6.91237e-05
    6.96654e-05
    7.39954e-05
    5.75735e-05
     9.6977e-05
    6.83987e-05
    5.29147e-05
    5.13614e-05
    7.03647e-05
     8.2225e-05
    4.72492e-05
    5.03898e-05
    4.46308e-05
    6.40307e-05
    5.00075e-05
    4.53746e-05
    5.07194e-05
    3.87693e-05
    6.84523e-05
    4.10497e-05
     4.8086e-05
    3.50414e-05
    3.36382e-05
    3.80569e-05
    3.17859e-05
    3.80087e-05
    3.09758e-05
    3.63025e-05
    3.48683e-05
    4.82034e-05
    2.76838e-05
    2.60558e-05
    2.53439e-05
    2.46287e-05
    2.61864e-05
    4.72143e-05
    2.40155e-05
    2.29335e-05
     2.2762e-05
    2.18435e-05
    2.01804e-05
    1.97704e-05
    2.10426e-05
    1.85502e-05
    1.80389e-05
    1.81553e-05
    2.36506e-05
    1.65499e-05
    1.60925e-05
     1.5833e-05
    1.76712e-05
    1.48694e-05
    1.48624e-05
    2.35031e-05
    1.50493e-05
     1.4126e-05
    1.28258e-05
    1.24564e-05
    1.21172e-05
    1.83207e-05
    1.20116e-05
    1.21215e-05
    1.38049e-05
    1.12592e-05
    1.26534e-05
    1.00233e-05
    1.00087e-05
     1.2374e-05
    1.01039e-05
    1.10308e-05
    8.61221e-06
    8.66135e-06
    8.13169e-06
    7.99753e-06
    8.11473e-06
     7.4682e-06
    7.25832e-06
    8.00556e-06
    7.12949e-06
    8.00403e-06
    6.91341e-06
     6.2943e-06
    6.50711e-06
    5.94644e-06
     5.7804e-06
    5.61723e-06
    5.49916e-06
    5.53439e-06
    5.20081e-06
    5.27482e-06
     4.8733e-06
    4.74868e-06
    4.64579e-06
     4.4721e-06
    4.34819e-06
     4.3194e-06
    4.10507e-06
    4.09742e-06
    3.87813e-06
    3.83461e-06
    4.12075e-06
    3.56432e-06
    3.49009e-06
     3.3684e-06
    3.36189e-06
    3.17913e-06
    3.09291e-06
    3.00228e-06
    3.30585e-06
    2.86442e-06
    2.75466e-06
    2.81447e-06
    2.74096e-06
    2.53332e-06
    2.45856e-06
    2.43289e-06
    2.41865e-06
    2.44398e-06
    2.33021e-06
    2.14825e-06
    2.09198e-06
    2.01376e-06
    1.97038e-06
    2.08182e-06
    2.06063e-06
    1.79607e-06
    1.75935e-06
    1.69702e-06
    1.78433e-06
    1.60503e-06
    1.56675e-06
    1.65073e-06
    1.47539e-06
    1.43406e-06
    1.39396e-06
    1.35039e-06
    1.50696e-06
    1.29146e-06
    1.24081e-06
    1.21839e-06
    1.17146e-06
    1.13824e-06
    1.18113e-06
    1.07885e-06
    1.05152e-06
    1.03076e-06
    9.90891e-07
    9.58575e-07
    1.13416e-06
    9.06836e-07
    8.80103e-07
    8.55313e-07
    8.32835e-07
    8.09853e-07
    9.29048e-07
    7.76532e-07
     7.4574e-07
    7.20736e-07
    7.00195e-07
     6.8279e-07
    6.61687e-07
    6.42841e-07
    6.24934e-07
    6.07932e-07
    5.90793e-07
    5.73505e-07
     5.5728e-07
    5.47867e-07
    5.32936e-07
    5.11716e-07
    4.97119e-07
    4.85827e-07
    4.69507e-07
    4.56372e-07
    4.49178e-07
     4.3101e-07
    4.19088e-07
    4.07091e-07
    4.09188e-07
    3.88724e-07
    3.73724e-07
    3.63151e-07
    3.54871e-07
    3.43024e-07
    3.48915e-07
    3.33188e-07
    3.14875e-07
    3.06881e-07
     2.9743e-07
     2.9029e-07
    2.81439e-07
    2.72902e-07
    2.67236e-07
    2.77762e-07
    2.53404e-07
    2.44205e-07
    2.36595e-07
    2.39172e-07
    2.31976e-07
    2.17232e-07
    2.11676e-07
    2.14334e-07
    1.99338e-07
    1.93716e-07
    1.88881e-07
     1.8294e-07
    1.77855e-07
    1.72859e-07
    1.67933e-07
    1.63842e-07
    1.64847e-07
    1.54162e-07
    1.49818e-07
    1.45569e-07
    1.41479e-07
    1.37502e-07
    1.34262e-07
    1.29846e-07
    1.26269e-07
    1.22657e-07
    1.20535e-07
    1.15846e-07
    1.15472e-07
    1.09444e-07
    1.06324e-07
    1.03321e-07
    1.00418e-07
    9.75886e-08
    9.48301e-08
    9.21611e-08
    8.95896e-08
    8.70739e-08
    8.45931e-08
    8.22158e-08
    7.98986e-08
    7.76529e-08
    7.54572e-08
    7.33281e-08
    7.12647e-08
    6.92588e-08
    6.73191e-08
    6.54056e-08
    6.36001e-08
    6.17727e-08
      6.004e-08
    5.83435e-08
    5.67176e-08
    5.51123e-08
    5.35511e-08
    5.20423e-08
    5.05815e-08
    4.91526e-08
    4.77627e-08
     4.6431e-08
    4.51264e-08
    4.38404e-08
     4.2609e-08
     4.1407e-08
    4.02443e-08
    3.91065e-08
    3.80029e-08
    3.69327e-08
    3.58937e-08
    3.48855e-08
    3.38966e-08
    3.29574e-08
     3.4914e-08
    3.11121e-08
    3.02371e-08
    2.93839e-08
    2.85646e-08
    2.77523e-08
    2.89384e-08
    2.62096e-08
     2.5471e-08
    2.47519e-08
    2.40551e-08
    2.33813e-08
    2.27241e-08
    2.20778e-08
     2.1457e-08
     2.0851e-08
    2.02662e-08
    1.96936e-08
    1.91378e-08
    1.85986e-08
    1.80743e-08
    1.75673e-08
    1.70694e-08
    1.65953e-08
     1.7034e-08
    1.56674e-08
     1.5226e-08
    1.47962e-08
    1.43838e-08
    1.39746e-08
       1.42e-08
    1.38178e-08
     1.2826e-08
    1.24641e-08
     1.2113e-08
    1.17739e-08
    1.14431e-08
    1.11173e-08
    1.08052e-08
    1.05014e-08
    1.02038e-08
    9.91694e-09
    9.63649e-09
    9.36533e-09
    9.10266e-09
    8.84454e-09
    8.59854e-09
    8.35349e-09
    8.11806e-09
    7.88937e-09
    7.66663e-09
    7.45274e-09
     7.2407e-09
    7.03661e-09
    6.83824e-09
    6.64569e-09
    6.45801e-09
    6.27622e-09
    6.10011e-09
     5.9284e-09
    5.76029e-09
     5.5981e-09
    5.44002e-09
    5.28747e-09
    5.13788e-09
    4.99294e-09
    4.85222e-09
    4.71556e-09
    4.58315e-09
     4.4534e-09
    4.32921e-09
    4.20595e-09
    4.08742e-09
    3.97217e-09
    3.86015e-09
    3.75238e-09
    3.64571e-09
    3.54291e-09
    3.44306e-09
    3.34611e-09
    3.25162e-09
    3.16008e-09
    3.07136e-09
     2.9849e-09
    2.90027e-09
    2.81862e-09
    2.73932e-09
    2.66191e-09
    2.58693e-09
    2.51389e-09
    2.44311e-09
    2.37453e-09
    2.30727e-09
    2.24292e-09
    2.17908e-09
     2.1177e-09
      2.058e-09
    1.99995e-09
    1.94403e-09
    1.88883e-09
    1.83559e-09
    1.78384e-09
     1.7336e-09
    1.68466e-09
    1.63722e-09
    1.59124e-09
    1.54644e-09
    1.50262e-09
    1.46031e-09
    1.41908e-09
    1.37925e-09
    1.34026e-09
    1.30245e-09
    1.26574e-09
    1.23009e-09
    1.19552e-09
     1.1617e-09
    1.12924e-09
    1.09715e-09
    1.06623e-09
    1.03617e-09
    1.00695e-09
      9.786e-10
    9.51001e-10
    9.24175e-10
    8.98129e-10
    8.72816e-10
    8.48192e-10
    8.24309e-10
    8.01058e-10
     7.7849e-10
    7.56533e-10
      7.352e-10
    7.14472e-10
    6.94333e-10
    6.74759e-10
    6.55736e-10
    6.37248e-10
    6.19284e-10
    6.01827e-10
    5.84861e-10
    5.68372e-10
    5.52349e-10
    5.36777e-10
    5.21644e-10
    5.06938e-10
    4.92647e-10
    4.78758e-10
    4.65261e-10
    4.52145e-10
    4.39398e-10
    4.27011e-10
    4.14973e-10
    4.03274e-10
    3.91905e-10
    3.80857e-10
     3.7012e-10
    3.59685e-10
    3.49545e-10
    3.39691e-10
    3.30115e-10
    3.20808e-10
    3.11764e-10
    3.02975e-10
    2.94434e-10
    2.86133e-10
    2.78067e-10
    2.70228e-10
    2.62609e-10
    2.55206e-10
    2.48011e-10
     2.4102e-10
    2.34225e-10
    2.27622e-10
    2.21205e-10
    2.14969e-10
    2.08908e-10
    2.03019e-10
    1.97295e-10
    1.91733e-10
    1.86328e-10
    1.81075e-10
     1.7597e-10
    1.71009e-10
    1.66188e-10
    1.61503e-10
     1.5695e-10
    1.52526e-10
    1.48226e-10
    1.44047e-10
    1.39986e-10
     1.3604e-10
    1.32204e-10
    1.28477e-10
    1.24855e-10
    1.21336e-10
    1.17915e-10
    1.14591e-10
     1.1136e-10
    1.08221e-10
     1.0517e-10
    1.02205e-10
    9.93237e-11
    9.65236e-11
    9.38024e-11
     9.1158e-11
    8.85881e-11
    8.60907e-11
    8.36636e-11
     8.1305e-11
    7.90129e-11
    7.67854e-11
    7.46207e-11
     7.2517e-11
    7.04727e-11
    6.84859e-11
    6.65552e-11
    6.46789e-11
    6.28555e-11
    6.10835e-11
    5.93615e-11
     5.7688e-11
    5.60617e-11
    5.44812e-11
    5.29453e-11
    5.14527e-11
    5.00021e-11
    4.85925e-11
    4.72226e-11
    4.58913e-11
    4.45976e-11
    4.33403e-11
    4.21185e-11
    4.09311e-11
    3.97772e-11
    3.86558e-11
     3.7566e-11
     3.6507e-11
    3.54778e-11
    3.44776e-11
    3.35056e-11
    3.25611e-11
    3.16431e-11
     3.0751e-11
    2.98841e-11
    2.90416e-11
    2.82229e-11
    2.74273e-11
     2.6654e-11
    2.59026e-11
    2.51724e-11
    2.44627e-11
    2.37731e-11
    2.31029e-11
    2.24516e-11
    2.18186e-11
    2.12035e-11
    2.06058e-11
    2.00249e-11
    1.94603e-11
    1.89117e-11
    1.83786e-11
    1.78604e-11
    1.73569e-11
    1.68676e-11
    1.63921e-11
      1.593e-11
    1.54809e-11
    1.50444e-11
    1.46203e-11
    1.42082e-11
    1.38076e-11
    1.34183e-11
    1.30401e-11
    1.26724e-11
    1.23152e-11
     1.1968e-11
    1.16306e-11
    1.13027e-11
    1.09841e-11
    1.06744e-11
    1.03735e-11
     1.0081e-11
    9.79684e-12
    9.52066e-12
    9.25225e-12
    8.99142e-12
    8.73794e-12
     8.4916e-12
    8.25221e-12
    8.01957e-12
    7.79348e-12
    7.57377e-12
    7.36025e-12
    7.15276e-12
    6.95111e-12
    6.75515e-12
    6.56471e-12
    6.37964e-12
    6.19979e-12
    6.02501e-12
    5.85515e-12
    5.69009e-12
    5.52967e-12
    5.37378e-12
    5.22229e-12
    5.07506e-12
    4.93199e-12
    4.79295e-12
    4.65783e-12
    4.52652e-12
    4.39891e-12
    4.27489e-12
    4.15438e-12
    4.03726e-12
    3.92344e-12
    3.81284e-12
    3.70535e-12
    3.60089e-12
    3.49937e-12
    3.40072e-12
    3.30485e-12
    3.21168e-12
    3.12114e-12
    3.03315e-12
    2.94764e-12
    2.86454e-12
    2.78378e-12
     2.7053e-12
    2.62904e-12
    2.55492e-12
    2.48289e-12
     2.4129e-12
    2.34487e-12
    2.27877e-12
    2.21453e-12
    2.15209e-12
    2.09142e-12
    2.03246e-12
    1.97516e-12
    1.91948e-12
    1.86537e-12
    1.81278e-12
    1.76168e-12
    1.71201e-12
    1.66375e-12
    1.61684e-12
    1.57126e-12
    1.52697e-12
    1.48392e-12
    1.44208e-12
    1.40143e-12
    1.36192e-12
    1.32353e-12
    1.28621e-12
    1.24995e-12
    1.21472e-12
    1.18047e-12
    1.14719e-12
    1.11485e-12
    1.08342e-12
    1.05288e-12
     1.0232e-12
     9.9435e-13
    9.66317e-13
    9.39075e-13
    9.12601e-13
    8.86874e-13
    8.61871e-13
    8.37574e-13
    8.13961e-13
    7.91014e-13
    7.68714e-13
    7.47043e-13
    7.25983e-13
    7.05516e-13
    6.85627e-13
    6.66298e-13
    6.47514e-13
    6.29259e-13
     6.1152e-13
     5.9428e-13
    5.77526e-13
    5.61245e-13
    5.45422e-13
    5.30046e-13
    5.15103e-13
    5.00582e-13
     4.8647e-13
    4.72755e-13
    4.59427e-13
    4.46475e-13
    4.33889e-13
    4.21657e-13
    4.09769e-13
    3.98217e-13
    3.86991e-13
    3.76081e-13
    3.65479e-13
    3.55175e-13
    3.45162e-13
    3.35432e-13
    3.25975e-13
    3.16786e-13
    3.07855e-13
    2.99176e-13
    2.90742e-13
    2.82545e-13
     2.7458e-13
    2.66839e-13
    2.59317e-13
    2.52006e-13
    2.44902e-13
    2.37997e-13
    2.31288e-13
    2.24767e-13
    2.18431e-13
    2.12273e-13
    2.06289e-13
    2.00473e-13
    1.94821e-13
    1.89329e-13
    1.83992e-13
    1.78805e-13
    1.73764e-13
    1.68865e-13
    1.64105e-13
    1.59478e-13
    1.54982e-13
    1.50613e-13
    1.46367e-13
    1.42241e-13
    1.38231e-13
    1.34334e-13
    1.30547e-13
    1.26866e-13
     1.2329e-13
    1.19814e-13
    1.16436e-13
    1.13154e-13
    1.09964e-13
    1.06864e-13
    1.03851e-13
    1.00923e-13
    9.80782e-14
    9.53133e-14
    9.26262e-14
    9.00149e-14
    8.74773e-14
    8.50112e-14
    8.26146e-14
    8.02855e-14
    7.80222e-14
    7.58226e-14
     7.3685e-14
    7.16077e-14
     6.9589e-14
    6.76272e-14
    6.57207e-14
    6.38679e-14
    6.20674e-14
    6.03176e-14
    5.86171e-14
    5.69646e-14
    5.53587e-14
     5.3798e-14
    5.22814e-14
    5.08075e-14
    4.93752e-14
    4.79832e-14
    4.66305e-14
    4.53159e-14
    4.40384e-14
    4.27968e-14
    4.15903e-14
    4.04178e-14
    3.92784e-14
    3.81711e-14
     3.7095e-14
    3.60492e-14
    3.50329e-14
    3.40453e-14
    3.30855e-14
    3.21528e-14
    3.12463e-14
    3.03655e-14
    2.95094e-14
    2.86775e-14
     2.7869e-14
    2.70833e-14
    2.63198e-14
    2.55778e-14
    2.48568e-14
     2.4156e-14
     2.3475e-14
    2.28132e-14
    2.21701e-14
    2.15451e-14
    2.09377e-14
    2.03474e-14
    1.97738e-14
    1.92163e-14
    1.86746e-14
    1.81481e-14
    1.76365e-14
    1.71393e-14
    1.66561e-14
    1.61865e-14
    1.57302e-14
    1.52868e-14
    1.48558e-14
     1.4437e-14
      1.403e-14
    1.36345e-14
    1.32501e-14
    1.28766e-14
    1.25135e-14
    1.21608e-14
    1.18179e-14
    1.14848e-14
     1.1161e-14
    1.08463e-14
    1.05406e-14
    1.02434e-14
    9.95464e-15
