              0
              0
              0
              0
              0
              0
              0
              0
              0
              0
     0.00168113
    0.000948332
     0.00293121
     0.00512596
     0.00572634
     0.00469085
     0.00387587
     0.00460162
     0.00314883
     0.00505916
     0.00518333
     0.00314707
     0.00325247
     0.00399626
     0.00399334
     0.00490305
     0.00452202
     0.00524515
     0.00551815
     0.00460163
     0.00455586
     0.00403645
     0.00410957
     0.00418431
     0.00384485
     0.00374284
     0.00414514
     0.00447848
      0.0045088
     0.00437358
      0.0051443
     0.00399672
     0.00407278
     0.00491359
     0.00430158
     0.00395521
     0.00418296
     0.00352536
     0.00389245
     0.00361695
     0.00362828
     0.00365304
     0.00353422
     0.00351492
     0.00343866
     0.00320091
     0.00321045
     0.00329529
     0.00311626
     0.00307748
     0.00302254
     0.00318886
     0.00284801
     0.00305538
     0.00286947
     0.00277998
     0.00266987
     0.00261273
     0.00260029
      0.0024145
     0.00241433
     0.00246904
     0.00237416
      0.0023639
     0.00223793
     0.00219963
     0.00212992
     0.00214623
     0.00200267
     0.00198166
     0.00197273
      0.0018553
     0.00182182
     0.00176886
     0.00177612
     0.00175475
     0.00175416
     0.00167591
      0.0016306
     0.00154048
     0.00156058
     0.00147204
     0.00144992
     0.00141102
     0.00139512
     0.00133211
     0.00131229
     0.00128221
     0.00128342
     0.00120478
     0.00120929
     0.00115049
     0.00110982
     0.00111471
     0.00107761
     0.00104503
      0.0010097
    0.000999184
     0.00096303
    0.000961846
    0.000931799
    0.000896833
     0.00088964
    0.000858544
    0.000819395
    0.000797147
    0.000785609
    0.000762066
     0.00074608
    0.000724269
    0.000729561
    0.000685603
    0.000681339
    0.000652965
    0.000634996
     0.00062244
    0.000603993
    0.000583742
    0.000572949
    0.000550906
    0.000548662
    0.000526253
    0.000520878
    0.000496558
    0.000487637
    0.000469939
    0.000458509
    0.000445955
    0.000436049
    0.000420126
    0.000415621
    0.000402416
    0.000395342
    0.000380981
    0.000373464
    0.000358316
    0.000350873
    0.000340814
    0.000331223
    0.000322973
    0.000312943
    0.000302493
    0.000296203
    0.000291034
    0.000284674
    0.000273873
     0.00026779
    0.000257763
    0.000252943
    0.000244675
    0.000238523
    0.000231126
    0.000224493
    0.000219705
    0.000213308
    0.000210817
    0.000200952
    0.000197776
    0.000190462
    0.000184962
    0.000180727
    0.000175615
     0.00017072
    0.000165419
    0.000160914
    0.000156618
    0.000152405
    0.000150644
    0.000144659
    0.000141947
    0.000136378
    0.000133145
    0.000129755
    0.000125649
     0.00012196
    0.000118421
    0.000115083
    0.000111949
    0.000109095
    0.000107385
    0.000103569
    0.000101835
    9.77863e-05
    9.46565e-05
    9.25125e-05
    9.02926e-05
    8.80291e-05
    8.48625e-05
    8.25951e-05
    8.04172e-05
    7.81164e-05
     7.6353e-05
    7.39528e-05
    7.24917e-05
    6.98607e-05
     6.7932e-05
     6.6145e-05
    6.41759e-05
    6.23416e-05
    6.06272e-05
    5.90521e-05
    5.73043e-05
     5.6034e-05
    5.40636e-05
    5.30594e-05
    5.13313e-05
    4.97712e-05
    4.83904e-05
    4.71894e-05
    4.57194e-05
    4.45148e-05
    4.32156e-05
    4.20087e-05
     4.0928e-05
     3.9898e-05
    3.86772e-05
    3.77934e-05
    3.64956e-05
    3.55013e-05
    3.44939e-05
    3.35523e-05
    3.26137e-05
    3.17018e-05
    3.07884e-05
     2.9956e-05
    2.90761e-05
      2.843e-05
    2.75052e-05
    2.69231e-05
    2.59974e-05
    2.52865e-05
    2.45614e-05
     2.3897e-05
    2.32013e-05
    2.25404e-05
    2.19188e-05
    2.13216e-05
     2.0709e-05
    2.02361e-05
    1.96182e-05
     1.9137e-05
    1.85049e-05
    1.79742e-05
    1.74793e-05
    1.70193e-05
    1.65182e-05
    1.60484e-05
     1.5593e-05
    1.52007e-05
    1.48131e-05
     1.4318e-05
    1.40101e-05
    1.35618e-05
    1.31695e-05
       1.28e-05
     1.2433e-05
    1.21076e-05
    1.17617e-05
    1.14218e-05
    1.11356e-05
    1.08045e-05
    1.05463e-05
    1.02031e-05
    9.96427e-06
    9.64206e-06
    9.36845e-06
    9.10615e-06
    8.84462e-06
    8.61731e-06
    8.35966e-06
    8.12759e-06
    7.90609e-06
    7.67716e-06
    7.49038e-06
    7.25456e-06
    7.08415e-06
    6.85351e-06
    6.66605e-06
    6.47408e-06
    6.28949e-06
    6.12335e-06
    5.94479e-06
    5.77866e-06
    5.62087e-06
    5.45845e-06
    5.32552e-06
    5.15748e-06
    5.03479e-06
    4.87297e-06
    4.73743e-06
    4.60315e-06
    4.47188e-06
    4.35084e-06
    4.22498e-06
    4.10845e-06
    3.99501e-06
    3.87962e-06
    3.78395e-06
    3.66605e-06
    3.57953e-06
    3.46686e-06
    3.36619e-06
    3.27148e-06
    3.18138e-06
    3.09032e-06
     3.0051e-06
    2.92099e-06
    2.83911e-06
    2.76771e-06
    2.67971e-06
    2.61742e-06
     2.5342e-06
    2.46202e-06
    2.39206e-06
    2.32528e-06
    2.25899e-06
    2.19583e-06
     2.1359e-06
    2.07573e-06
    2.01673e-06
    1.96672e-06
    1.90508e-06
    1.85865e-06
    1.79979e-06
    1.74962e-06
    1.69993e-06
    1.65172e-06
    1.60528e-06
    1.56017e-06
    1.51704e-06
    1.47499e-06
    1.43284e-06
    1.39691e-06
    1.35368e-06
    1.32028e-06
    1.27964e-06
    1.24253e-06
    1.20779e-06
    1.17421e-06
    1.14058e-06
    1.10848e-06
    1.07773e-06
    1.04773e-06
    1.01804e-06
    9.92221e-07
    9.61632e-07
    9.37962e-07
    9.08476e-07
    8.82874e-07
    8.57976e-07
    8.33636e-07
    8.10356e-07
    7.87719e-07
    7.65268e-07
    7.44158e-07
    7.25249e-07
     7.0266e-07
    6.85433e-07
    6.64338e-07
    6.45241e-07
    6.27145e-07
    6.09355e-07
    5.92094e-07
    5.75481e-07
    5.59579e-07
    5.43826e-07
    5.28456e-07
    5.14937e-07
    4.99258e-07
    4.86726e-07
      4.716e-07
    4.58323e-07
    4.45365e-07
    4.32726e-07
    4.20573e-07
    4.08872e-07
    3.97255e-07
    3.86214e-07
    3.75292e-07
    3.65665e-07
    3.54545e-07
     3.4564e-07
    3.34931e-07
    3.25457e-07
    3.16265e-07
    3.07313e-07
    2.98665e-07
    2.90359e-07
    2.82117e-07
    2.74271e-07
    2.66499e-07
    2.59627e-07
    2.51776e-07
    2.45411e-07
    2.37835e-07
    2.31128e-07
    2.24601e-07
    2.18228e-07
    2.12093e-07
    2.06108e-07
     2.0038e-07
    1.94786e-07
    1.89723e-07
    1.83859e-07
    1.79283e-07
    1.73831e-07
    1.68837e-07
    1.64134e-07
     1.5948e-07
    1.54961e-07
    1.50619e-07
    1.46411e-07
    1.42341e-07
     1.3831e-07
    1.34669e-07
    1.30629e-07
    1.27273e-07
    1.23393e-07
    1.19886e-07
    1.16549e-07
    1.13225e-07
    1.10049e-07
    1.06943e-07
    1.03951e-07
    1.01074e-07
     9.8194e-08
    9.56177e-08
    9.27471e-08
    9.03597e-08
    8.76127e-08
    8.51189e-08
    8.27453e-08
    8.03946e-08
    7.81344e-08
    7.59308e-08
    7.37982e-08
    7.17517e-08
    6.97123e-08
    6.78811e-08
    6.58496e-08
    6.41452e-08
    6.22001e-08
    6.04313e-08
    5.87466e-08
    5.70777e-08
    5.54724e-08
    5.39072e-08
    5.24008e-08
     5.0934e-08
    4.95929e-08
    4.80858e-08
    4.68596e-08
    4.54482e-08
    4.41488e-08
    4.29121e-08
    4.17018e-08
    4.05208e-08
    3.93819e-08
    3.82727e-08
    3.72106e-08
    3.61531e-08
    3.51977e-08
     3.4151e-08
    3.32584e-08
    3.22568e-08
    3.13419e-08
    3.04671e-08
    2.96011e-08
    2.87687e-08
    2.79567e-08
    2.71707e-08
    2.64161e-08
    2.56652e-08
    2.49855e-08
    2.42436e-08
    2.36079e-08
    2.28989e-08
    2.22493e-08
    2.16256e-08
    2.10141e-08
    2.04225e-08
    1.98465e-08
    1.92884e-08
    1.87502e-08
    1.82195e-08
    1.77349e-08
    1.72098e-08
    1.67571e-08
    1.62551e-08
    1.57939e-08
    1.53512e-08
     1.4917e-08
    1.44972e-08
    1.40882e-08
    1.36921e-08
    1.33098e-08
    1.29332e-08
    1.25883e-08
    1.22164e-08
     1.1894e-08
    1.15387e-08
    1.12113e-08
     1.0897e-08
    1.05888e-08
    1.02908e-08
    1.00005e-08
    9.71927e-09
    9.44782e-09
    9.19537e-09
    8.92022e-09
    8.68751e-09
    8.42951e-09
    8.18918e-09
     7.9586e-09
    7.73495e-09
    7.51617e-09
     7.3047e-09
    7.09901e-09
    6.90065e-09
    6.70545e-09
    6.52554e-09
    6.33377e-09
     6.1654e-09
     5.9823e-09
    5.81274e-09
     5.6497e-09
    5.48988e-09
    5.33536e-09
    5.18486e-09
    5.03902e-09
    4.89816e-09
    4.75959e-09
    4.63164e-09
     4.4957e-09
    4.37591e-09
    4.24623e-09
    4.12588e-09
    4.01011e-09
    3.89676e-09
    3.78704e-09
    3.68022e-09
     3.5767e-09
    3.47667e-09
    3.37835e-09
    3.28733e-09
    3.19101e-09
    3.10576e-09
    3.01392e-09
    2.92851e-09
    2.84633e-09
    2.76588e-09
      2.688e-09
    2.61218e-09
     2.5387e-09
    2.46767e-09
    2.40108e-09
    2.32998e-09
    2.26831e-09
    2.20157e-09
    2.13892e-09
    2.07869e-09
    2.02024e-09
    1.96313e-09
    1.90788e-09
    1.85414e-09
    1.80225e-09
     1.7513e-09
    1.70388e-09
    1.65418e-09
    1.60972e-09
    1.56235e-09
    1.51811e-09
    1.47549e-09
    1.43378e-09
    1.39341e-09
    1.35411e-09
    1.31601e-09
    1.27916e-09
      1.243e-09
    1.20929e-09
    1.17405e-09
    1.14244e-09
    1.10888e-09
    1.07748e-09
    1.04722e-09
    1.01764e-09
    9.88975e-10
    9.61083e-10
    9.34038e-10
    9.07877e-10
    8.82216e-10
    8.57248e-10
    8.33273e-10
    8.09721e-10
    7.86796e-10
    7.64603e-10
    7.43097e-10
    7.22105e-10
    7.01774e-10
    6.81979e-10
     6.6276e-10
     6.4408e-10
    6.25926e-10
    6.08285e-10
    5.91135e-10
    5.74469e-10
    5.58275e-10
    5.42533e-10
    5.27234e-10
    5.12373e-10
    4.97928e-10
     4.8389e-10
     4.7025e-10
    4.56993e-10
    4.44111e-10
    4.31591e-10
    4.19424e-10
    4.07599e-10
    3.96108e-10
    3.84941e-10
    3.74089e-10
    3.63542e-10
    3.53293e-10
    3.43333e-10
    3.33654e-10
    3.24248e-10
    3.15107e-10
    3.06224e-10
    2.97591e-10
    2.89201e-10
    2.81048e-10
    2.73125e-10
    2.65425e-10
    2.57943e-10
    2.50671e-10
    2.43604e-10
    2.36736e-10
    2.30062e-10
    2.23577e-10
    2.17274e-10
    2.11148e-10
    2.05196e-10
    1.99411e-10
    1.93789e-10
    1.88326e-10
    1.83017e-10
    1.77857e-10
    1.72843e-10
     1.6797e-10
    1.63235e-10
    1.58633e-10
    1.54161e-10
    1.49815e-10
    1.45592e-10
    1.41487e-10
    1.37498e-10
    1.33622e-10
    1.29855e-10
    1.26194e-10
    1.22637e-10
    1.19179e-10
    1.15819e-10
    1.12554e-10
    1.09381e-10
    1.06298e-10
    1.03301e-10
    1.00389e-10
    9.75586e-11
    9.48082e-11
    9.21354e-11
     8.9538e-11
    8.70138e-11
    8.45607e-11
    8.21768e-11
    7.98601e-11
    7.76088e-11
    7.54208e-11
    7.32946e-11
    7.12283e-11
    6.92203e-11
    6.72689e-11
    6.53724e-11
    6.35295e-11
    6.17385e-11
     5.9998e-11
    5.83065e-11
    5.66628e-11
    5.50654e-11
     5.3513e-11
    5.20044e-11
    5.05383e-11
    4.91135e-11
     4.7729e-11
    4.63834e-11
    4.50758e-11
     4.3805e-11
    4.25701e-11
      4.137e-11
    4.02037e-11
    3.90703e-11
    3.79688e-11
    3.68984e-11
    3.58582e-11
    3.48473e-11
    3.38649e-11
    3.29102e-11
    3.19824e-11
    3.10808e-11
    3.02046e-11
     2.9353e-11
    2.85255e-11
    2.77214e-11
    2.69399e-11
    2.61804e-11
    2.54423e-11
     2.4725e-11
     2.4028e-11
    2.33506e-11
    2.26923e-11
    2.20526e-11
    2.14309e-11
    2.08267e-11
    2.02396e-11
     1.9669e-11
    1.91145e-11
    1.85756e-11
     1.8052e-11
     1.7543e-11
    1.70485e-11
    1.65679e-11
    1.61008e-11
    1.56469e-11
    1.52058e-11
    1.47771e-11
    1.43605e-11
    1.39557e-11
    1.35622e-11
    1.31799e-11
    1.28083e-11
    1.24472e-11
    1.20963e-11
    1.17553e-11
    1.14239e-11
    1.11019e-11
    1.07889e-11
    1.04847e-11
    1.01891e-11
    9.90189e-12
    9.62274e-12
    9.35146e-12
    9.08783e-12
    8.83163e-12
    8.58265e-12
     8.3407e-12
    8.10556e-12
    7.87705e-12
    7.65498e-12
    7.43918e-12
    7.22946e-12
    7.02565e-12
    6.82758e-12
     6.6351e-12
    6.44805e-12
    6.26627e-12
    6.08961e-12
    5.91794e-12
     5.7511e-12
    5.58897e-12
     5.4314e-12
    5.27829e-12
    5.12948e-12
    4.98487e-12
    4.84434e-12
    4.70777e-12
    4.57505e-12
    4.44608e-12
    4.32073e-12
    4.19893e-12
    4.08055e-12
    3.96551e-12
    3.85372e-12
    3.74508e-12
     3.6395e-12
    3.53689e-12
    3.43718e-12
    3.34028e-12
    3.24612e-12
     3.1546e-12
    3.06567e-12
    2.97924e-12
    2.89525e-12
    2.81363e-12
    2.73431e-12
    2.65723e-12
    2.58232e-12
    2.50952e-12
    2.43877e-12
    2.37002e-12
     2.3032e-12
    2.23827e-12
    2.17517e-12
    2.11385e-12
    2.05426e-12
    1.99634e-12
    1.94006e-12
    1.88537e-12
    1.83222e-12
    1.78057e-12
    1.73037e-12
    1.68159e-12
    1.63418e-12
    1.58811e-12
    1.54334e-12
    1.49983e-12
    1.45755e-12
    1.41646e-12
    1.37652e-12
    1.33772e-12
    1.30001e-12
    1.26336e-12
    1.22774e-12
    1.19313e-12
    1.15949e-12
     1.1268e-12
    1.09504e-12
    1.06417e-12
    1.03417e-12
    1.00501e-12
    9.76679e-13
    9.49145e-13
    9.22387e-13
    8.96383e-13
    8.71113e-13
    8.46555e-13
    8.22689e-13
    7.99496e-13
    7.76957e-13
    7.55054e-13
    7.33767e-13
    7.13081e-13
    6.92979e-13
    6.73442e-13
    6.54457e-13
    6.36007e-13
    6.18077e-13
    6.00652e-13
    5.83719e-13
    5.67263e-13
    5.51271e-13
     5.3573e-13
    5.20627e-13
    5.05949e-13
    4.91686e-13
    4.77824e-13
    4.64354e-13
    4.51263e-13
    4.38541e-13
    4.26178e-13
    4.14163e-13
    4.02487e-13
    3.91141e-13
    3.80114e-13
    3.69398e-13
    3.58984e-13
    3.48864e-13
    3.39029e-13
    3.29471e-13
    3.20183e-13
    3.11156e-13
    3.02384e-13
    2.93859e-13
    2.85575e-13
    2.77524e-13
      2.697e-13
    2.62097e-13
    2.54708e-13
    2.47528e-13
    2.40549e-13
    2.33768e-13
    2.27178e-13
    2.20773e-13
    2.14549e-13
    2.08501e-13
    2.02623e-13
     1.9691e-13
    1.91359e-13
    1.85965e-13
    1.80722e-13
    1.75627e-13
    1.70676e-13
    1.65864e-13
    1.61188e-13
    1.56644e-13
    1.52228e-13
    1.47937e-13
    1.43766e-13
    1.39713e-13
    1.35774e-13
    1.31947e-13
    1.28227e-13
    1.24612e-13
    1.21099e-13
    1.17685e-13
    1.14367e-13
    1.11143e-13
     1.0801e-13
    1.04965e-13
    1.02006e-13
    9.91299e-14
    9.63353e-14
    9.36194e-14
    9.09802e-14
    8.84153e-14
    8.59227e-14
    8.35004e-14
    8.11464e-14
    7.88588e-14
    7.66356e-14
    7.44751e-14
    7.23756e-14
    7.03352e-14
    6.83523e-14
    6.64254e-14
    6.45527e-14
    6.27329e-14
    6.09644e-14
    5.92457e-14
    5.75754e-14
    5.59523e-14
    5.43749e-14
     5.2842e-14
    5.13523e-14
    4.99046e-14
    4.84977e-14
    4.71305e-14
    4.58018e-14
    4.45106e-14
    4.32558e-14
    4.20363e-14
    4.08512e-14
    3.96996e-14
    3.85804e-14
    3.74927e-14
    3.64358e-14
    3.54086e-14
    3.44104e-14
    3.34403e-14
    3.24975e-14
    3.15814e-14
    3.06911e-14
    2.98258e-14
     2.8985e-14
    2.81679e-14
    2.73738e-14
    2.66021e-14
    2.58521e-14
    2.51233e-14
     2.4415e-14
    2.37267e-14
    2.30578e-14
    2.24078e-14
    2.17761e-14
    2.11622e-14
    2.05656e-14
    1.99858e-14
    1.94224e-14
    1.88748e-14
    1.83427e-14
    1.78256e-14
    1.73231e-14
    1.68347e-14
    1.63601e-14
    1.58989e-14
    1.54507e-14
    1.50151e-14
    1.45918e-14
    1.41804e-14
    1.37807e-14
    1.33922e-14
    1.30146e-14
    1.26477e-14
    1.22912e-14
    1.19447e-14
    1.16079e-14
    1.12807e-14
    1.09627e-14
    1.06536e-14
    1.03533e-14
    1.00614e-14
    9.77773e-15
