              0
              0
              0
              0
              0
              0
              0
         1.0978
        1.49701
    0.000138524
     0.00107257
     0.00143076
     0.00356893
     0.00478031
      0.0041311
     0.00540353
     0.00472718
     0.00444736
     0.00438295
      0.0717577
     0.00401673
     0.00365304
     0.00341293
       0.275612
       0.140027
      0.0727653
      0.0971787
      0.0514245
     0.00504652
     0.00478897
     0.00466435
       0.142948
        0.18882
      0.0670414
       0.096566
     0.00436727
      0.0670983
      0.0506842
       0.130117
     0.00462697
      0.0044542
      0.0469703
     0.00413845
      0.0354112
     0.00391669
     0.00380321
      0.0666084
      0.0037978
     0.00373612
       0.192178
      0.0618217
      0.0037517
     0.00361984
      0.0035534
      0.0247556
     0.00333045
     0.00324394
     0.00317582
      0.0321327
     0.00305321
      0.0441231
      0.0227528
      0.0164598
      0.0621361
     0.00289828
      0.0119191
      0.0574926
     0.00265032
     0.00258716
     0.00253116
     0.00246514
      0.0024211
      0.0168953
      0.0114612
     0.00228974
     0.00221854
      0.0155993
      0.0112538
      0.0119468
     0.00822389
     0.00817855
     0.00613036
     0.00186817
      0.0152348
      0.0116615
     0.00795947
     0.00593912
     0.00590194
     0.00783713
     0.00158809
      0.0111284
      0.0043876
     0.00146489
      0.0162898
     0.00138735
     0.00332855
     0.00804654
     0.00130902
     0.00127205
     0.00124063
     0.00407861
     0.00117971
      0.0057103
     0.00111599
     0.00109057
     0.00726236
      0.0114243
     0.00296061
     0.00932089
     0.00096166
      0.0028883
     0.00286555
    0.000887045
     0.00396265
    0.000837271
    0.000815003
     0.00407742
     0.00300223
     0.00362389
     0.00669174
     0.00161999
     0.00160324
     0.00129381
     0.00259402
    0.000641061
     0.00273421
     0.00144152
     0.00191949
     0.00180503
    0.000561037
     0.00054444
     0.00292781
    0.000804364
    0.000505979
    0.000490268
    0.000478449
    0.000465998
      0.0021717
    0.000439918
    0.000427589
    0.000416272
    0.000822536
    0.000812668
     0.00181888
    0.000569088
    0.000365392
    0.000355002
    0.000344854
    0.000334445
     0.00191273
     0.00031685
    0.000501122
    0.000300453
    0.000708977
    0.000373745
     0.00153508
    0.000400783
    0.000262159
     0.00067238
    0.000308802
     0.00109695
    0.000427291
    0.000228214
    0.000221845
    0.000215431
     0.00020992
     0.00115143
    0.000592206
    0.000193388
    0.000188116
    0.000271472
    0.000177625
    0.000623595
    0.000209228
    0.000163569
     0.00015881
    0.000154627
    0.000384641
    0.000638606
    0.000273391
    0.000138708
     0.00013477
     0.00032366
    0.000127134
    0.000586483
    0.000120215
    0.000289365
    0.000113603
    0.000110423
    0.000107652
    0.000411297
    0.000101774
    9.90863e-05
     0.00013286
    9.34095e-05
    9.08819e-05
    0.000296914
     0.00014636
    8.34404e-05
    8.11503e-05
    8.76918e-05
    7.67112e-05
    0.000296186
    9.76377e-05
    7.06315e-05
    7.26924e-05
    6.66498e-05
    0.000206591
    6.29218e-05
    6.11534e-05
     5.9586e-05
    8.86052e-05
    5.62435e-05
    0.000202534
    5.32282e-05
    5.44348e-05
    7.20681e-05
    9.01391e-05
     0.00012114
    0.000167191
    4.48659e-05
    7.16584e-05
    4.24148e-05
    0.000151948
    4.41506e-05
    0.000138233
    3.78954e-05
    4.09205e-05
    3.57931e-05
     3.4799e-05
    3.38237e-05
    9.84605e-05
    3.19433e-05
    3.10434e-05
     3.0204e-05
    2.93513e-05
    2.85435e-05
    9.51949e-05
    3.29825e-05
    3.91282e-05
    2.54779e-05
    3.95349e-05
    2.40774e-05
    6.79796e-05
    2.31496e-05
    2.20919e-05
    2.33719e-05
    2.08915e-05
    2.02989e-05
    6.43533e-05
     1.9184e-05
    1.86577e-05
    1.81285e-05
    1.76124e-05
    4.74441e-05
    1.69147e-05
    1.61741e-05
    1.57263e-05
    1.52755e-05
     2.0823e-05
    4.47663e-05
      1.405e-05
    1.36415e-05
    1.32673e-05
     1.3165e-05
    1.25222e-05
    3.27955e-05
    1.18317e-05
    1.16252e-05
     1.4081e-05
    1.08619e-05
    1.07457e-05
    3.08969e-05
    9.98345e-06
    9.69974e-06
    1.00245e-05
    9.75487e-06
    8.99222e-06
    2.26815e-05
    9.00454e-06
    8.17487e-06
    8.13401e-06
    1.01997e-05
    8.10417e-06
      2.219e-05
    7.10098e-06
    1.09743e-05
    7.57134e-06
    6.51389e-06
    6.41593e-06
    1.69696e-05
    6.71156e-06
    5.93815e-06
    6.93115e-06
    5.51475e-06
    5.42011e-06
    1.47246e-05
    5.12923e-06
    4.89939e-06
    4.76207e-06
    4.68271e-06
    4.49763e-06
    1.08551e-05
    4.24706e-06
    4.31377e-06
    4.01385e-06
    3.89908e-06
    3.79107e-06
    1.01679e-05
    3.60237e-06
    3.48213e-06
    3.38229e-06
    3.28841e-06
    8.19655e-06
    3.10459e-06
     3.0295e-06
    3.00469e-06
    2.86324e-06
    2.77026e-06
    7.10277e-06
    2.70346e-06
    2.54948e-06
     2.4728e-06
    2.40223e-06
    2.46184e-06
    5.30734e-06
    2.20511e-06
    2.22898e-06
    2.08923e-06
    2.02432e-06
    1.96802e-06
    4.91018e-06
    1.86807e-06
    1.85171e-06
    1.79583e-06
    1.73334e-06
     1.6581e-06
     3.6499e-06
    1.56598e-06
     1.5218e-06
    1.47956e-06
    1.43737e-06
    1.39698e-06
    3.41565e-06
    1.31989e-06
    2.15436e-06
    1.25247e-06
    1.22981e-06
     1.1771e-06
    2.53045e-06
    1.12433e-06
    1.85971e-06
    1.05173e-06
    1.02233e-06
    9.92167e-07
    2.35035e-06
    9.37419e-07
    9.10499e-07
    8.85167e-07
    8.59921e-07
    1.77844e-06
    8.12204e-07
     7.8924e-07
    7.81561e-07
    7.46722e-07
    7.24559e-07
    1.64735e-06
    6.84542e-07
     6.6515e-07
    6.46392e-07
    6.28401e-07
     7.4049e-07
     1.2344e-06
    5.78453e-07
    5.66134e-07
    5.44684e-07
    5.29256e-07
    5.26968e-07
    1.15936e-06
    4.86133e-07
    4.72149e-07
     4.5894e-07
     4.5849e-07
     4.3336e-07
    8.57118e-07
    4.27741e-07
    3.97773e-07
    3.88459e-07
    3.75716e-07
    3.65093e-07
    7.90957e-07
    3.46203e-07
    3.96443e-07
    3.25741e-07
    3.16573e-07
    3.07611e-07
    5.99351e-07
    3.30187e-07
    2.82377e-07
    2.76301e-07
    2.66676e-07
    2.59233e-07
    5.50982e-07
    2.50698e-07
     2.3789e-07
    2.31236e-07
    2.30477e-07
    4.19924e-07
    2.12203e-07
    2.06226e-07
    2.00457e-07
    1.94768e-07
    1.89288e-07
    4.46914e-07
    1.78821e-07
    1.73755e-07
    1.68848e-07
    1.64126e-07
    1.59473e-07
    2.92048e-07
    1.50618e-07
    1.46379e-07
    1.43524e-07
    1.38237e-07
    1.34376e-07
     3.0749e-07
    1.39492e-07
    1.24566e-07
    1.19836e-07
    1.16489e-07
    1.13182e-07
    2.03207e-07
    1.06902e-07
     1.0389e-07
    1.00977e-07
    9.81137e-08
    9.53532e-08
    1.85915e-07
    9.00777e-08
    8.87635e-08
    8.50533e-08
    8.26749e-08
    8.03292e-08
    1.43276e-07
    7.58624e-08
    7.37295e-08
    7.16668e-08
    6.96366e-08
    6.76879e-08
    1.29145e-07
     6.3938e-08
    6.21162e-08
    6.03724e-08
    5.86652e-08
    1.00106e-07
    5.54061e-08
     5.3842e-08
    5.23353e-08
    5.08532e-08
    4.94213e-08
    9.11465e-08
    4.66828e-08
      4.536e-08
    4.40813e-08
    4.28455e-08
    4.16327e-08
     6.9766e-08
    3.93184e-08
    3.82096e-08
    3.71423e-08
    3.60883e-08
    3.50775e-08
    6.33894e-08
    3.31354e-08
    3.21915e-08
    3.31045e-08
    3.04036e-08
    2.95444e-08
    4.86397e-08
    2.79019e-08
    2.71155e-08
    2.63562e-08
    2.56089e-08
    2.48869e-08
    4.41241e-08
    2.35092e-08
    2.28441e-08
    2.21988e-08
    2.15749e-08
    2.09662e-08
     3.3926e-08
    1.97999e-08
    1.92418e-08
    1.87032e-08
    1.81722e-08
    1.76636e-08
    3.07147e-08
    1.66859e-08
    1.62108e-08
     1.5753e-08
    1.53096e-08
    1.48772e-08
     2.3673e-08
    1.40506e-08
    1.36542e-08
    1.32715e-08
    1.28957e-08
    1.25322e-08
    2.13985e-08
     1.1838e-08
    1.15037e-08
    1.11787e-08
    1.08643e-08
    1.68239e-08
    1.02597e-08
    9.97028e-09
    9.69056e-09
    9.41641e-09
     9.1521e-09
    1.51597e-08
    8.64533e-09
    8.39914e-09
     8.1624e-09
     7.9325e-09
    7.70855e-09
    1.17524e-08
    7.28011e-09
    7.07491e-09
    6.87645e-09
    6.68178e-09
    6.49344e-09
    1.05733e-08
    6.13343e-09
    5.95994e-09
    5.79176e-09
    5.62858e-09
    5.46988e-09
    8.21324e-09
     5.1658e-09
    5.02018e-09
    4.87948e-09
    4.74118e-09
    4.60831e-09
     7.3752e-09
    4.35282e-09
    4.22903e-09
    4.10973e-09
     3.9939e-09
    3.88118e-09
     5.7422e-09
    3.66556e-09
    3.56221e-09
    3.46229e-09
    3.36428e-09
    3.26944e-09
    5.14846e-09
    3.08813e-09
     3.0008e-09
    2.91613e-09
    2.83396e-09
    4.09389e-09
    2.67643e-09
    2.60096e-09
    2.52794e-09
    2.45648e-09
    2.38746e-09
    3.65978e-09
    2.25511e-09
    2.19104e-09
    2.12926e-09
    2.06925e-09
    2.01085e-09
    2.86528e-09
    1.89911e-09
    1.84558e-09
    1.79377e-09
    1.74302e-09
    1.69389e-09
    2.55761e-09
    1.59993e-09
     1.5547e-09
    1.51083e-09
    1.46826e-09
    1.42687e-09
    2.00618e-09
    1.34755e-09
    1.30956e-09
    1.27282e-09
    1.23678e-09
    1.20208e-09
    1.78757e-09
     1.1354e-09
    1.10316e-09
    1.07205e-09
    1.04183e-09
    1.01243e-09
     9.8391e-10
     9.5618e-10
    9.29223e-10
    9.03041e-10
    8.77588e-10
    8.52847e-10
    8.28801e-10
    8.05439e-10
    7.82727e-10
    7.60652e-10
    7.39212e-10
    7.18371e-10
    6.98121e-10
    6.78438e-10
    6.59313e-10
    6.40728e-10
    6.22665e-10
    6.05111e-10
    5.88052e-10
    5.71474e-10
    5.55363e-10
    5.39707e-10
     5.2449e-10
    5.09704e-10
    4.95335e-10
    4.81371e-10
      4.678e-10
    4.54612e-10
    4.41796e-10
    4.29341e-10
    4.17238e-10
    4.05475e-10
    3.94044e-10
    3.82935e-10
     3.7214e-10
    3.61648e-10
    3.51453e-10
    3.41545e-10
    3.31916e-10
    3.22559e-10
    3.13466e-10
    3.04628e-10
    2.96041e-10
    2.87695e-10
    2.79584e-10
    2.71702e-10
    2.64042e-10
    2.56599e-10
    2.49365e-10
    2.42335e-10
    2.35503e-10
    2.28864e-10
    2.22412e-10
    2.16142e-10
    2.10048e-10
    2.04127e-10
    1.98372e-10
     1.9278e-10
    1.87345e-10
    1.82063e-10
    1.76931e-10
    1.71943e-10
    1.67095e-10
    1.62385e-10
    1.57807e-10
    1.53358e-10
    1.49035e-10
    1.44833e-10
     1.4075e-10
    1.36782e-10
    1.32926e-10
    1.29179e-10
    1.25537e-10
    1.21998e-10
    1.18558e-10
    1.15216e-10
    1.11968e-10
    1.08811e-10
    1.05744e-10
    1.02763e-10
    9.98657e-11
    9.70503e-11
    9.43143e-11
    9.16554e-11
    8.90715e-11
    8.65605e-11
    8.41202e-11
    8.17487e-11
    7.94441e-11
    7.72044e-11
    7.50279e-11
    7.29128e-11
    7.08572e-11
    6.88597e-11
    6.69184e-11
    6.50319e-11
    6.31985e-11
    6.14168e-11
    5.96854e-11
    5.80028e-11
    5.63676e-11
    5.47785e-11
    5.32342e-11
    5.17335e-11
     5.0275e-11
    4.88577e-11
    4.74803e-11
    4.61418e-11
    4.48409e-11
    4.35768e-11
    4.23483e-11
    4.11544e-11
    3.99942e-11
    3.88667e-11
     3.7771e-11
    3.67062e-11
    3.56714e-11
    3.46658e-11
    3.36885e-11
    3.27387e-11
    3.18158e-11
    3.09189e-11
    3.00472e-11
    2.92001e-11
    2.83769e-11
    2.75769e-11
    2.67995e-11
     2.6044e-11
    2.53098e-11
    2.45962e-11
    2.39028e-11
     2.3229e-11
    2.25741e-11
    2.19377e-11
    2.13193e-11
    2.07182e-11
    2.01341e-11
    1.95665e-11
    1.90149e-11
    1.84789e-11
    1.79579e-11
    1.74517e-11
    1.69597e-11
    1.64815e-11
    1.60169e-11
    1.55654e-11
    1.51265e-11
    1.47001e-11
    1.42857e-11
     1.3883e-11
    1.34916e-11
    1.31112e-11
    1.27416e-11
    1.23824e-11
    1.20333e-11
    1.16941e-11
    1.13644e-11
     1.1044e-11
    1.07327e-11
    1.04301e-11
    1.01361e-11
    9.85031e-12
    9.57261e-12
    9.30274e-12
    9.04049e-12
    8.78562e-12
    8.53794e-12
    8.29724e-12
    8.06333e-12
    7.83601e-12
     7.6151e-12
    7.40042e-12
    7.19179e-12
    6.98904e-12
    6.79201e-12
    6.60053e-12
    6.41445e-12
    6.23362e-12
    6.05788e-12
     5.8871e-12
    5.72114e-12
    5.55985e-12
    5.40311e-12
    5.25079e-12
    5.10276e-12
     4.9589e-12
     4.8191e-12
    4.68325e-12
    4.55122e-12
    4.42291e-12
    4.29822e-12
    4.17705e-12
    4.05929e-12
    3.94485e-12
    3.83364e-12
    3.72557e-12
    3.62054e-12
    3.51847e-12
    3.41928e-12
    3.32288e-12
     3.2292e-12
    3.13817e-12
     3.0497e-12
    2.96372e-12
    2.88017e-12
    2.79897e-12
    2.72007e-12
    2.64338e-12
    2.56886e-12
    2.49644e-12
    2.42606e-12
    2.35767e-12
     2.2912e-12
    2.22661e-12
    2.16384e-12
    2.10284e-12
    2.04355e-12
    1.98594e-12
    1.92996e-12
    1.87555e-12
    1.82267e-12
    1.77129e-12
    1.72135e-12
    1.67283e-12
    1.62567e-12
    1.57984e-12
     1.5353e-12
    1.49202e-12
    1.44995e-12
    1.40908e-12
    1.36935e-12
    1.33075e-12
    1.29323e-12
    1.25677e-12
    1.22134e-12
    1.18691e-12
    1.15345e-12
    1.12093e-12
    1.08933e-12
    1.05862e-12
    1.02878e-12
    9.99776e-13
    9.71591e-13
      9.442e-13
    9.17581e-13
    8.91713e-13
    8.66575e-13
    8.42145e-13
    8.18403e-13
    7.95331e-13
    7.72909e-13
     7.5112e-13
    7.29945e-13
    7.09366e-13
    6.89368e-13
    6.69934e-13
    6.51047e-13
    6.32693e-13
    6.14857e-13
    5.97523e-13
    5.80678e-13
    5.64308e-13
    5.48399e-13
    5.32939e-13
    5.17914e-13
    5.03313e-13
    4.89124e-13
    4.75335e-13
    4.61935e-13
    4.48912e-13
    4.36256e-13
    4.23958e-13
    4.12006e-13
    4.00391e-13
    3.89103e-13
    3.78133e-13
    3.67473e-13
    3.57114e-13
    3.47046e-13
    3.37262e-13
    3.27754e-13
    3.18514e-13
    3.09535e-13
    3.00809e-13
    2.92328e-13
    2.84087e-13
    2.76078e-13
    2.68295e-13
    2.60732e-13
    2.53381e-13
    2.46238e-13
    2.39296e-13
     2.3255e-13
    2.25994e-13
    2.19623e-13
    2.13431e-13
    2.07414e-13
    2.01567e-13
    1.95885e-13
    1.90362e-13
    1.84996e-13
     1.7978e-13
    1.74712e-13
    1.69787e-13
       1.65e-13
    1.60349e-13
    1.55828e-13
    1.51435e-13
    1.47166e-13
    1.43017e-13
    1.38985e-13
    1.35067e-13
    1.31259e-13
    1.27559e-13
    1.23963e-13
    1.20468e-13
    1.17072e-13
    1.13771e-13
    1.10564e-13
    1.07447e-13
    1.04418e-13
    1.01474e-13
    9.86135e-14
    9.58334e-14
    9.31317e-14
    9.05062e-14
    8.79547e-14
    8.54751e-14
    8.30654e-14
    8.07237e-14
    7.84479e-14
    7.62364e-14
    7.40871e-14
    7.19985e-14
    6.99688e-14
    6.79962e-14
    6.60793e-14
    6.42164e-14
    6.24061e-14
    6.06467e-14
     5.8937e-14
    5.72755e-14
    5.56608e-14
    5.40916e-14
    5.25667e-14
    5.10848e-14
    4.96446e-14
     4.8245e-14
    4.68849e-14
    4.55632e-14
    4.42787e-14
    4.30304e-14
    4.18173e-14
    4.06384e-14
    3.94927e-14
    3.83794e-14
    3.72974e-14
    3.62459e-14
    3.52241e-14
    3.42311e-14
    3.32661e-14
    3.23282e-14
    3.14168e-14
    3.05312e-14
    2.96704e-14
     2.8834e-14
    2.80211e-14
    2.72311e-14
    2.64635e-14
    2.57174e-14
    2.49924e-14
    2.42878e-14
    2.36031e-14
    2.29377e-14
    2.22911e-14
    2.16626e-14
    2.10519e-14
    2.04584e-14
    1.98817e-14
    1.93212e-14
    1.87765e-14
    1.82472e-14
    1.77327e-14
    1.72328e-14
     1.6747e-14
    1.62749e-14
    1.58161e-14
    1.53702e-14
    1.49369e-14
    1.45158e-14
    1.41066e-14
    1.37089e-14
    1.33224e-14
    1.29468e-14
    1.25818e-14
    1.22271e-14
    1.18824e-14
    1.15474e-14
    1.12219e-14
    1.09055e-14
    1.05981e-14
    1.02993e-14
     1.0009e-14
    9.72679e-15
