              0
              0
              0
              0
              0
              0
              0
              0
              0
    0.000603484
     0.00120697
     0.00118541
     0.00319669
     0.00380022
     0.00518231
     0.00640265
     0.00288207
     0.00398654
     0.00580398
     0.00453993
     0.00301895
     0.00448498
     0.00334202
     0.00384941
     0.00404073
     0.00460228
     0.00476776
     0.00513896
     0.00518502
     0.00524045
     0.00442775
     0.00371744
      0.0044549
     0.00403985
     0.00354054
     0.00390191
     0.00453115
     0.00451148
     0.00430366
     0.00454892
      0.0040083
     0.00513019
     0.00400483
     0.00469653
     0.00450247
     0.00408016
     0.00366237
      0.0037511
     0.00361783
     0.00391943
     0.00363037
     0.00366044
     0.00350199
     0.00357621
     0.00332807
     0.00324414
     0.00316569
     0.00325003
     0.00315094
     0.00299229
     0.00321996
     0.00305808
     0.00310951
     0.00286416
     0.00285858
     0.00279084
     0.00263494
     0.00264976
     0.00250049
     0.00246615
     0.00242401
     0.00241529
     0.00241889
     0.00237084
      0.0022614
     0.00214169
      0.0021643
     0.00206762
     0.00209736
     0.00194038
     0.00196265
     0.00185352
      0.0018541
     0.00179995
     0.00176998
     0.00173552
     0.00171695
     0.00167965
     0.00165259
      0.0015523
     0.00154577
     0.00147851
     0.00145487
     0.00142198
     0.00139729
     0.00131619
      0.0013252
     0.00127137
     0.00126339
     0.00121387
     0.00120045
     0.00116698
     0.00113336
     0.00110122
     0.00107132
     0.00104028
     0.00103223
    0.000985248
    0.000984704
    0.000939917
    0.000911236
    0.000910095
    0.000885386
      0.0008566
    0.000833399
    0.000797033
    0.000777005
    0.000765442
     0.00074517
    0.000744072
    0.000704356
    0.000690854
    0.000674547
    0.000653997
    0.000635055
     0.00062114
    0.000607132
    0.000581772
    0.000575634
    0.000562759
    0.000541132
    0.000531258
    0.000512951
    0.000496586
    0.000485755
    0.000471054
    0.000459406
    0.000446121
    0.000431874
    0.000425806
    0.000412834
     0.00040958
    0.000391723
     0.00038154
    0.000369786
    0.000357159
    0.000352075
    0.000341985
     0.00033139
    0.000322147
    0.000311662
    0.000303239
    0.000296106
    0.000295026
    0.000281672
    0.000274988
    0.000265944
    0.000257109
    0.000253099
    0.000244392
    0.000238507
    0.000232014
     0.00022491
     0.00021827
    0.000215063
    0.000207527
    0.000204492
    0.000195982
    0.000190252
    0.000185542
    0.000181114
    0.000175402
    0.000170295
    0.000165649
    0.000161023
     0.00015653
    0.000154549
    0.000148712
    0.000146003
    0.000140669
    0.000136293
    0.000132577
    0.000129407
    0.000126404
    0.000122145
    0.000118347
    0.000114961
     0.00011206
    0.000109999
    0.000106651
    0.000104304
    0.000100752
    9.75675e-05
    9.50483e-05
    9.21603e-05
    9.06333e-05
    8.73864e-05
    8.54494e-05
     8.2534e-05
    8.04161e-05
     7.8501e-05
    7.61008e-05
    7.43059e-05
    7.20908e-05
    6.98138e-05
     6.7913e-05
    6.60579e-05
    6.42408e-05
    6.24666e-05
    6.06707e-05
    5.89654e-05
    5.76663e-05
    5.56918e-05
    5.44433e-05
    5.27756e-05
     5.1163e-05
    4.98319e-05
    4.84064e-05
    4.70275e-05
    4.58995e-05
    4.44706e-05
    4.32013e-05
    4.19977e-05
      4.108e-05
    3.97603e-05
    3.88135e-05
    3.75805e-05
    3.65291e-05
    3.55127e-05
    3.44898e-05
    3.35793e-05
     3.2656e-05
    3.16571e-05
    3.07793e-05
    2.99456e-05
    2.92393e-05
    2.83248e-05
    2.76802e-05
    2.67329e-05
    2.59961e-05
    2.52594e-05
    2.45689e-05
    2.38877e-05
    2.32069e-05
    2.25447e-05
     2.1895e-05
    2.13346e-05
    2.08039e-05
    2.01526e-05
    1.96728e-05
    1.90678e-05
    1.84874e-05
     1.7994e-05
    1.74823e-05
    1.70392e-05
    1.65109e-05
    1.60373e-05
    1.55924e-05
    1.52529e-05
    1.47536e-05
    1.44074e-05
    1.39304e-05
    1.35584e-05
    1.31746e-05
    1.27966e-05
    1.24329e-05
    1.20979e-05
    1.17657e-05
    1.14278e-05
    1.11165e-05
    1.08749e-05
    1.05065e-05
    1.02429e-05
    9.91428e-06
    9.63923e-06
     9.3725e-06
    9.10053e-06
    8.85033e-06
    8.60757e-06
     8.3632e-06
    8.12842e-06
    7.90418e-06
    7.70844e-06
    7.46778e-06
     7.2836e-06
    7.04941e-06
     6.8562e-06
    6.66301e-06
    6.47448e-06
    6.28967e-06
    6.11716e-06
    5.95001e-06
    5.77935e-06
    5.62007e-06
    5.47878e-06
    5.30746e-06
    5.17892e-06
    5.01137e-06
    4.87325e-06
    4.73681e-06
    4.60356e-06
    4.47195e-06
    4.34771e-06
     4.2287e-06
    4.10664e-06
    3.99486e-06
    3.89337e-06
    3.77357e-06
    3.67953e-06
    3.56223e-06
    3.46296e-06
    3.37085e-06
    3.27093e-06
    3.18131e-06
    3.09436e-06
    3.00264e-06
    2.91903e-06
    2.84939e-06
    2.75927e-06
    2.69181e-06
    2.60512e-06
    2.53152e-06
    2.46283e-06
    2.39353e-06
    2.32449e-06
    2.26022e-06
    2.19671e-06
    2.13445e-06
    2.07494e-06
    2.02368e-06
    1.96167e-06
    1.91131e-06
    1.85123e-06
    1.79855e-06
    1.74995e-06
    1.70058e-06
    1.65157e-06
    1.60592e-06
    1.56086e-06
    1.51606e-06
    1.47449e-06
    1.43775e-06
    1.39339e-06
    1.35774e-06
    1.31527e-06
    1.27795e-06
    1.24405e-06
    1.20793e-06
    1.17421e-06
    1.14088e-06
    1.10865e-06
    1.07713e-06
    1.04762e-06
     1.0211e-06
    9.90006e-07
    9.64439e-07
    9.34564e-07
      9.084e-07
    8.83096e-07
    8.57854e-07
    8.33677e-07
    8.10402e-07
    7.87543e-07
    7.65142e-07
    7.46381e-07
    7.23425e-07
    7.05039e-07
    6.82942e-07
    6.63782e-07
    6.45715e-07
    6.27142e-07
    6.09251e-07
    5.92305e-07
    5.75338e-07
    5.59475e-07
    5.43757e-07
     5.2992e-07
    5.13854e-07
     5.0056e-07
    4.85149e-07
    4.71615e-07
    4.58396e-07
    4.45311e-07
    4.32704e-07
    4.20675e-07
    4.08775e-07
    3.97176e-07
    3.86248e-07
    3.76262e-07
    3.64891e-07
    3.55443e-07
     3.4458e-07
    3.34887e-07
    3.25525e-07
    3.16251e-07
    3.07297e-07
    2.98727e-07
    2.90303e-07
    2.82049e-07
    2.74272e-07
     2.6717e-07
    2.59115e-07
    2.52381e-07
      2.447e-07
    2.37742e-07
    2.31162e-07
    2.24635e-07
    2.18219e-07
    2.12131e-07
    2.06158e-07
    2.00303e-07
    1.95237e-07
    1.89279e-07
    1.84415e-07
     1.7875e-07
    1.73704e-07
    1.68936e-07
    1.64106e-07
    1.59486e-07
    1.55006e-07
    1.50591e-07
    1.46436e-07
    1.42323e-07
    1.38587e-07
    1.34444e-07
    1.30906e-07
    1.26937e-07
    1.23349e-07
    1.19938e-07
    1.16522e-07
    1.13241e-07
    1.10069e-07
    1.06927e-07
     1.0396e-07
    1.01049e-07
     9.8401e-08
     9.5458e-08
     9.2942e-08
    9.01312e-08
    8.75819e-08
    8.51521e-08
    8.27307e-08
    8.04023e-08
    7.81482e-08
    7.59213e-08
    7.37987e-08
    7.17399e-08
     6.9854e-08
    6.77723e-08
    6.59808e-08
    6.39905e-08
    6.21784e-08
    6.04627e-08
    5.87363e-08
    5.70772e-08
    5.54815e-08
    5.39013e-08
    5.23922e-08
    5.10331e-08
    4.94992e-08
    4.82039e-08
    4.67457e-08
    4.54222e-08
    4.41681e-08
    4.29097e-08
    4.16996e-08
     4.0531e-08
    3.93763e-08
    3.82705e-08
    3.72086e-08
    3.62189e-08
     3.5147e-08
    3.42111e-08
    3.31874e-08
    3.22473e-08
    3.13526e-08
    3.04613e-08
     2.9604e-08
    2.87725e-08
    2.79543e-08
    2.71681e-08
    2.64156e-08
    2.57103e-08
    2.49503e-08
    2.42845e-08
    2.35596e-08
    2.28924e-08
    2.22563e-08
    2.16246e-08
    2.10136e-08
    2.04254e-08
    1.98447e-08
    1.92864e-08
    1.87494e-08
    1.82501e-08
    1.77114e-08
    1.72376e-08
    1.67241e-08
    1.62507e-08
    1.57988e-08
    1.53502e-08
    1.49167e-08
    1.44992e-08
     1.4087e-08
    1.36907e-08
    1.33093e-08
    1.29539e-08
    1.25723e-08
    1.22353e-08
    1.18716e-08
    1.15356e-08
    1.12147e-08
    1.08963e-08
    1.05886e-08
    1.02921e-08
    9.99967e-09
    9.71835e-09
    9.46234e-09
    9.18151e-09
    8.93735e-09
      8.671e-09
    8.42573e-09
    8.19191e-09
    7.95918e-09
    7.73403e-09
    7.51756e-09
    7.30394e-09
    7.09863e-09
    6.90018e-09
    6.71495e-09
    6.51833e-09
    6.34251e-09
    6.15504e-09
    5.98091e-09
    5.81436e-09
     5.6493e-09
    5.48986e-09
    5.33598e-09
    5.18449e-09
     5.0386e-09
    4.89798e-09
    4.76613e-09
    4.62661e-09
    4.50167e-09
    4.36885e-09
    4.24528e-09
    4.12693e-09
    4.00991e-09
    3.89669e-09
    3.78747e-09
    3.67997e-09
    3.57641e-09
    3.47655e-09
    3.38279e-09
    3.28392e-09
    3.19506e-09
    3.10098e-09
    3.01327e-09
    2.92923e-09
    2.84618e-09
    2.76584e-09
    2.68829e-09
    2.61201e-09
     2.5385e-09
    2.47078e-09
    2.39811e-09
    2.33365e-09
    2.26478e-09
    2.20076e-09
    2.13951e-09
    2.07881e-09
    2.02004e-09
    1.96343e-09
    1.90771e-09
    1.85406e-09
    1.80215e-09
    1.75333e-09
    1.70234e-09
    1.65604e-09
    1.60751e-09
    1.56206e-09
    1.51846e-09
    1.47541e-09
    1.43378e-09
    1.39355e-09
    1.35403e-09
    1.31592e-09
    1.27913e-09
     1.2444e-09
    1.20821e-09
    1.17533e-09
    1.14093e-09
    1.10868e-09
    1.07771e-09
    1.04718e-09
    1.01762e-09
    9.89069e-10
    9.61029e-10
    9.33976e-10
    9.07853e-10
    8.82166e-10
    8.57399e-10
    8.33138e-10
    8.09673e-10
    7.86863e-10
    7.64641e-10
    7.43066e-10
    7.22128e-10
    7.01766e-10
    6.81986e-10
     6.6275e-10
    6.44085e-10
    6.25939e-10
    6.08286e-10
    5.91137e-10
    5.74471e-10
    5.58275e-10
     5.4253e-10
    5.27237e-10
    5.12372e-10
    4.97928e-10
    4.83891e-10
    4.70249e-10
    4.56993e-10
     4.4411e-10
    4.31591e-10
    4.19423e-10
    4.07599e-10
    3.96108e-10
    3.84941e-10
    3.74088e-10
    3.63542e-10
    3.53293e-10
    3.43333e-10
    3.33654e-10
    3.24248e-10
    3.15107e-10
    3.06224e-10
    2.97591e-10
    2.89201e-10
    2.81048e-10
    2.73125e-10
    2.65425e-10
    2.57942e-10
    2.50671e-10
    2.43604e-10
    2.36736e-10
    2.30062e-10
    2.23577e-10
    2.17274e-10
    2.11148e-10
    2.05196e-10
    1.99411e-10
    1.93789e-10
    1.88326e-10
    1.83017e-10
    1.77857e-10
    1.72843e-10
     1.6797e-10
    1.63235e-10
    1.58633e-10
    1.54161e-10
    1.49815e-10
    1.45592e-10
    1.41487e-10
    1.37498e-10
    1.33622e-10
    1.29855e-10
    1.26194e-10
    1.22637e-10
    1.19179e-10
    1.15819e-10
    1.12554e-10
    1.09381e-10
    1.06298e-10
    1.03301e-10
    1.00389e-10
    9.75586e-11
    9.48082e-11
    9.21354e-11
     8.9538e-11
    8.70138e-11
    8.45607e-11
    8.21768e-11
    7.98601e-11
    7.76088e-11
    7.54208e-11
    7.32946e-11
    7.12283e-11
    6.92203e-11
    6.72689e-11
    6.53724e-11
    6.35295e-11
    6.17385e-11
     5.9998e-11
    5.83065e-11
    5.66628e-11
    5.50654e-11
     5.3513e-11
    5.20044e-11
    5.05383e-11
    4.91135e-11
     4.7729e-11
    4.63834e-11
    4.50758e-11
     4.3805e-11
    4.25701e-11
      4.137e-11
    4.02037e-11
    3.90703e-11
    3.79688e-11
    3.68984e-11
    3.58582e-11
    3.48473e-11
    3.38649e-11
    3.29102e-11
    3.19824e-11
    3.10808e-11
    3.02046e-11
     2.9353e-11
    2.85255e-11
    2.77214e-11
    2.69399e-11
    2.61804e-11
    2.54423e-11
     2.4725e-11
     2.4028e-11
    2.33506e-11
    2.26923e-11
    2.20526e-11
    2.14309e-11
    2.08267e-11
    2.02396e-11
     1.9669e-11
    1.91145e-11
    1.85756e-11
     1.8052e-11
     1.7543e-11
    1.70485e-11
    1.65679e-11
    1.61008e-11
    1.56469e-11
    1.52058e-11
    1.47771e-11
    1.43605e-11
    1.39557e-11
    1.35622e-11
    1.31799e-11
    1.28083e-11
    1.24472e-11
    1.20963e-11
    1.17553e-11
    1.14239e-11
    1.11019e-11
    1.07889e-11
    1.04847e-11
    1.01891e-11
    9.90189e-12
    9.62274e-12
    9.35146e-12
    9.08783e-12
    8.83163e-12
    8.58265e-12
     8.3407e-12
    8.10556e-12
    7.87705e-12
    7.65498e-12
    7.43918e-12
    7.22946e-12
    7.02565e-12
    6.82758e-12
     6.6351e-12
    6.44805e-12
    6.26627e-12
    6.08961e-12
    5.91794e-12
     5.7511e-12
    5.58897e-12
     5.4314e-12
    5.27829e-12
    5.12948e-12
    4.98487e-12
    4.84434e-12
    4.70777e-12
    4.57505e-12
    4.44608e-12
    4.32073e-12
    4.19893e-12
    4.08055e-12
    3.96551e-12
    3.85372e-12
    3.74508e-12
     3.6395e-12
    3.53689e-12
    3.43718e-12
    3.34028e-12
    3.24612e-12
     3.1546e-12
    3.06567e-12
    2.97924e-12
    2.89525e-12
    2.81363e-12
    2.73431e-12
    2.65723e-12
    2.58232e-12
    2.50952e-12
    2.43877e-12
    2.37002e-12
     2.3032e-12
    2.23827e-12
    2.17517e-12
    2.11385e-12
    2.05426e-12
    1.99634e-12
    1.94006e-12
    1.88537e-12
    1.83222e-12
    1.78057e-12
    1.73037e-12
    1.68159e-12
    1.63418e-12
    1.58811e-12
    1.54334e-12
    1.49983e-12
    1.45755e-12
    1.41646e-12
    1.37652e-12
    1.33772e-12
    1.30001e-12
    1.26336e-12
    1.22774e-12
    1.19313e-12
    1.15949e-12
     1.1268e-12
    1.09504e-12
    1.06417e-12
    1.03417e-12
    1.00501e-12
    9.76679e-13
    9.49145e-13
    9.22387e-13
    8.96383e-13
    8.71113e-13
    8.46555e-13
    8.22689e-13
    7.99496e-13
    7.76957e-13
    7.55054e-13
    7.33767e-13
    7.13081e-13
    6.92979e-13
    6.73442e-13
    6.54457e-13
    6.36007e-13
    6.18077e-13
    6.00652e-13
    5.83719e-13
    5.67263e-13
    5.51271e-13
     5.3573e-13
    5.20627e-13
    5.05949e-13
    4.91686e-13
    4.77824e-13
    4.64354e-13
    4.51263e-13
    4.38541e-13
    4.26178e-13
    4.14163e-13
    4.02487e-13
    3.91141e-13
    3.80114e-13
    3.69398e-13
    3.58984e-13
    3.48864e-13
    3.39029e-13
    3.29471e-13
    3.20183e-13
    3.11156e-13
    3.02384e-13
    2.93859e-13
    2.85575e-13
    2.77524e-13
      2.697e-13
    2.62097e-13
    2.54708e-13
    2.47528e-13
    2.40549e-13
    2.33768e-13
    2.27178e-13
    2.20773e-13
    2.14549e-13
    2.08501e-13
    2.02623e-13
     1.9691e-13
    1.91359e-13
    1.85965e-13
    1.80722e-13
    1.75627e-13
    1.70676e-13
    1.65864e-13
    1.61188e-13
    1.56644e-13
    1.52228e-13
    1.47937e-13
    1.43766e-13
    1.39713e-13
    1.35774e-13
    1.31947e-13
    1.28227e-13
    1.24612e-13
    1.21099e-13
    1.17685e-13
    1.14367e-13
    1.11143e-13
     1.0801e-13
    1.04965e-13
    1.02006e-13
    9.91299e-14
    9.63353e-14
    9.36194e-14
    9.09802e-14
    8.84153e-14
    8.59227e-14
    8.35004e-14
    8.11464e-14
    7.88588e-14
    7.66356e-14
    7.44751e-14
    7.23756e-14
    7.03352e-14
    6.83523e-14
    6.64254e-14
    6.45527e-14
    6.27329e-14
    6.09644e-14
    5.92457e-14
    5.75754e-14
    5.59523e-14
    5.43749e-14
     5.2842e-14
    5.13523e-14
    4.99046e-14
    4.84977e-14
    4.71305e-14
    4.58018e-14
    4.45106e-14
    4.32558e-14
    4.20363e-14
    4.08512e-14
    3.96996e-14
    3.85804e-14
    3.74927e-14
    3.64358e-14
    3.54086e-14
    3.44104e-14
    3.34403e-14
    3.24975e-14
    3.15814e-14
    3.06911e-14
    2.98258e-14
     2.8985e-14
    2.81679e-14
    2.73738e-14
    2.66021e-14
    2.58521e-14
    2.51233e-14
     2.4415e-14
    2.37267e-14
    2.30578e-14
    2.24078e-14
    2.17761e-14
    2.11622e-14
    2.05656e-14
    1.99858e-14
    1.94224e-14
    1.88748e-14
    1.83427e-14
    1.78256e-14
    1.73231e-14
    1.68347e-14
    1.63601e-14
    1.58989e-14
    1.54507e-14
    1.50151e-14
    1.45918e-14
    1.41804e-14
    1.37807e-14
    1.33922e-14
    1.30146e-14
    1.26477e-14
    1.22912e-14
    1.19447e-14
    1.16079e-14
    1.12807e-14
    1.09627e-14
    1.06536e-14
    1.03533e-14
    1.00614e-14
    9.77773e-15
