              0
              0
              0
              0
              0
              0
              0
              0
    0.000197892
     0.00143274
     0.00103947
       0.699671
       0.302461
     0.00297617
     0.00270882
     0.00580617
      0.0731945
      0.0724264
     0.00411344
     0.00382304
     0.00428704
       0.207667
     0.00376663
      0.0041291
       0.139936
       0.254348
     0.00440204
       0.143404
      0.0971039
     0.00507802
         0.1302
      0.0508377
      0.0045485
     0.00436972
      0.0356794
       0.127979
      0.0818651
      0.0671254
     0.00452385
      0.0044861
      0.0672826
      0.0884502
       0.025476
      0.0825947
      0.0254008
     0.00392549
      0.0251857
      0.0396344
       0.025128
      0.0182288
     0.00369555
     0.00371428
     0.00366011
      0.0378268
      0.0132798
      0.0132871
      0.0177945
      0.0177402
      0.0394825
      0.0341661
       0.022823
      0.0128615
      0.0128609
      0.0209145
      0.0307588
     0.00280721
     0.00733114
     0.00940334
     0.00719059
     0.00926753
     0.00250179
     0.00243247
     0.00241917
     0.00902787
     0.00230261
      0.0151676
     0.00221524
     0.00213153
      0.0112111
      0.0118552
      0.0138789
     0.00649472
      0.0102074
     0.00395638
     0.00391263
     0.00697758
      0.0129763
      0.0047909
     0.00164807
     0.00160502
     0.00965391
     0.00506579
      0.0102406
     0.00145358
     0.00284772
     0.00281216
     0.00375422
     0.00750582
     0.00272211
     0.00412116
      0.0026565
      0.0085731
     0.00115649
      0.0011303
     0.00274121
     0.00677067
     0.00292901
     0.00460832
     0.00165989
        0.00261
     0.00338704
     0.00158261
      0.0022229
     0.00132273
    0.000850011
    0.000825681
     0.00269218
     0.00205847
     0.00121211
    0.000742237
    0.000724317
     0.00188646
      0.0016584
    0.000669442
    0.000648851
    0.000840652
    0.000613985
    0.000809703
    0.000889055
    0.000568688
    0.000836147
    0.000537103
    0.000830733
      0.0013797
    0.000949661
     0.00144745
     0.00148014
    0.000457813
    0.000444803
     0.00119317
     0.00056309
    0.000410967
    0.000399606
    0.000694478
     0.00125093
    0.000510278
      0.0012307
    0.000415366
    0.000338579
     0.00118448
    0.000529209
    0.000617438
    0.000673987
     0.00043748
    0.000287927
    0.000279552
    0.000368751
    0.000458134
    0.000257844
    0.000250749
    0.000273922
    0.000422814
    0.000230128
    0.000265703
    0.000673216
     0.00035329
    0.000206451
    0.000231016
    0.000351584
    0.000210531
    0.000229495
    0.000334216
    0.000270498
    0.000169843
    0.000261759
    0.000174767
    0.000363262
    0.000196722
    0.000220363
    0.000164523
    0.000139999
    0.000201649
    0.000132217
    0.000173428
    0.000134639
    0.000121555
    0.000118334
    0.000114917
    0.000118307
    0.000124777
    0.000126344
    0.000116795
    0.000109623
    0.000113327
    0.000199934
    0.000136522
    0.000109835
    9.64062e-05
    8.88913e-05
     8.9412e-05
    7.97599e-05
    0.000117459
    7.54263e-05
    7.98333e-05
    9.85191e-05
    8.54309e-05
    6.74004e-05
    7.95994e-05
    6.66882e-05
    6.32639e-05
    8.12639e-05
    5.85149e-05
    5.98731e-05
    7.59108e-05
      9.045e-05
    5.52816e-05
    6.17478e-05
    5.33392e-05
    7.69318e-05
     6.7333e-05
    4.84322e-05
    4.47858e-05
    4.28791e-05
    4.76903e-05
    5.75726e-05
    8.36269e-05
    7.07011e-05
    3.72772e-05
    4.36323e-05
     4.1681e-05
      3.421e-05
    4.50705e-05
    3.32008e-05
    3.56539e-05
    3.25678e-05
    4.37145e-05
    2.88594e-05
    2.89865e-05
    3.11997e-05
     2.7182e-05
    3.97109e-05
    2.64509e-05
    2.43377e-05
    2.80828e-05
    2.69583e-05
     2.2674e-05
    2.20148e-05
    2.21996e-05
    2.22511e-05
     2.0896e-05
    1.94004e-05
    2.18805e-05
    2.59033e-05
    1.80166e-05
     1.8258e-05
    1.74807e-05
    1.97866e-05
    1.64029e-05
    1.55981e-05
    2.08199e-05
    1.48693e-05
    1.41973e-05
    1.38979e-05
    1.38542e-05
    1.37744e-05
    1.38108e-05
    1.49798e-05
     1.2114e-05
    1.17739e-05
    1.15147e-05
    1.10711e-05
    1.06826e-05
    1.13891e-05
     1.3202e-05
    9.90493e-06
    9.58357e-06
    9.59657e-06
    1.00873e-05
    9.02883e-06
    8.84995e-06
    8.27007e-06
     8.8822e-06
    7.95344e-06
    7.73111e-06
     7.4727e-06
    8.32097e-06
    7.41305e-06
    7.76133e-06
     6.5876e-06
    6.63657e-06
    6.68502e-06
    6.07008e-06
     6.5213e-06
    5.71364e-06
    5.56138e-06
    5.49902e-06
    5.68117e-06
       5.33e-06
    4.95708e-06
    4.81708e-06
    4.69944e-06
    4.61316e-06
    4.44156e-06
    4.32142e-06
    4.36984e-06
    4.26594e-06
    4.11119e-06
    3.84759e-06
    3.74651e-06
    3.65692e-06
    4.11543e-06
    3.47846e-06
    3.32545e-06
    3.23152e-06
     3.1426e-06
    3.06248e-06
     2.9965e-06
     3.0634e-06
    2.84041e-06
    2.72299e-06
    2.65247e-06
    2.58751e-06
    2.51487e-06
     2.5044e-06
    2.36205e-06
    2.33516e-06
    2.26708e-06
    2.18773e-06
    2.21363e-06
    2.04828e-06
    2.06254e-06
    1.93457e-06
    1.88045e-06
     1.8411e-06
    1.78036e-06
    1.72557e-06
      1.928e-06
    1.65292e-06
    1.64902e-06
     1.5488e-06
    1.52989e-06
    1.45527e-06
     1.4224e-06
    1.39762e-06
    1.33714e-06
    1.30684e-06
    1.26126e-06
    1.24062e-06
    1.19512e-06
    1.15726e-06
     1.1257e-06
    1.09298e-06
    1.06253e-06
       1.08e-06
    1.00954e-06
    9.75149e-07
    9.77351e-07
    9.21285e-07
      8.953e-07
     8.7337e-07
    8.45605e-07
    8.21797e-07
    8.00617e-07
    8.59344e-07
    7.55564e-07
    7.35796e-07
    7.13219e-07
    7.03066e-07
    6.95814e-07
    8.58392e-07
    6.35573e-07
    6.31124e-07
    6.02244e-07
    5.85342e-07
    7.09714e-07
    5.51582e-07
    5.35581e-07
    5.20272e-07
    5.05689e-07
    4.92223e-07
    4.77727e-07
    4.64239e-07
    4.51138e-07
    4.39324e-07
    4.26131e-07
    4.14138e-07
     4.0247e-07
    3.91126e-07
      4.006e-07
    3.69363e-07
    3.58959e-07
    3.55198e-07
    3.39123e-07
    3.29563e-07
    3.24503e-07
    3.11186e-07
    3.02453e-07
    2.95942e-07
    2.88525e-07
    2.79588e-07
    2.76123e-07
    2.64135e-07
    2.55427e-07
    2.48306e-07
    2.40704e-07
    2.53828e-07
    2.27292e-07
    2.20908e-07
    2.14711e-07
        2.1e-07
    2.34958e-07
    2.26361e-07
    1.91479e-07
    1.86097e-07
    1.80882e-07
    1.76438e-07
    2.00124e-07
    1.66017e-07
    1.61946e-07
    1.56802e-07
     1.5239e-07
    1.48074e-07
    1.63835e-07
    1.39889e-07
    1.37243e-07
    1.34045e-07
    1.28391e-07
    1.24783e-07
    1.21237e-07
    1.17824e-07
    1.14511e-07
    1.15549e-07
    1.08162e-07
    1.05111e-07
    1.02138e-07
    9.92544e-08
    9.64653e-08
    9.37402e-08
     9.1126e-08
    9.28229e-08
    8.60495e-08
    8.36202e-08
    8.12648e-08
    7.89828e-08
    8.10215e-08
    7.52037e-08
    7.34036e-08
    7.04562e-08
    6.97997e-08
    6.65306e-08
    6.46701e-08
    6.28473e-08
    6.10699e-08
     6.0255e-08
    5.76764e-08
    5.60595e-08
    5.58179e-08
    5.29353e-08
    5.14451e-08
    4.99926e-08
    4.85876e-08
    4.72267e-08
    4.58987e-08
    4.45938e-08
    4.33377e-08
    4.21162e-08
    4.09332e-08
    3.97823e-08
    3.86534e-08
    3.75668e-08
    3.65135e-08
    3.54802e-08
    3.44792e-08
     3.3516e-08
    3.25689e-08
    3.16461e-08
    3.07548e-08
    2.98895e-08
    2.90462e-08
    2.82311e-08
    2.74347e-08
    2.66585e-08
    2.59062e-08
    2.51786e-08
    2.44668e-08
    2.37832e-08
     2.3112e-08
    2.24579e-08
    2.18246e-08
    2.12092e-08
    2.06125e-08
    2.00334e-08
    1.94654e-08
     1.8917e-08
    1.83873e-08
    1.78668e-08
    1.73625e-08
    1.68775e-08
    1.64006e-08
    1.59357e-08
    1.54872e-08
    1.50512e-08
    1.46266e-08
    1.42156e-08
    1.38152e-08
     1.3424e-08
    1.30457e-08
    1.26788e-08
    1.23206e-08
    1.19759e-08
    1.16382e-08
     1.1309e-08
    1.09902e-08
    1.06801e-08
    1.03809e-08
    1.00864e-08
    9.80223e-09
    9.52699e-09
     9.2574e-09
    8.99648e-09
    8.74477e-09
    8.49801e-09
    8.25723e-09
    8.02439e-09
    7.79852e-09
    7.57859e-09
    7.36577e-09
    7.15813e-09
    6.95561e-09
    6.75926e-09
    6.56911e-09
    6.38376e-09
    6.20494e-09
    6.03004e-09
    5.85938e-09
     5.6938e-09
     5.5334e-09
     5.3776e-09
    5.22655e-09
     5.0786e-09
    4.93549e-09
    4.79699e-09
     4.6612e-09
    4.52986e-09
     4.4029e-09
    4.27872e-09
    4.15751e-09
    4.04019e-09
    3.92652e-09
     3.8158e-09
    3.70862e-09
    3.60407e-09
    3.50216e-09
    3.40331e-09
    3.30754e-09
    3.21423e-09
    3.12414e-09
    3.03606e-09
    2.95017e-09
    2.86681e-09
    2.78605e-09
    2.70788e-09
    2.63123e-09
    2.55709e-09
    2.48526e-09
    2.41495e-09
    2.34692e-09
    2.28109e-09
    2.21678e-09
    2.15401e-09
    2.09326e-09
     2.0343e-09
    1.97696e-09
    1.92141e-09
    1.86725e-09
    1.81445e-09
    1.76325e-09
    1.71362e-09
    1.66528e-09
    1.61858e-09
    1.57295e-09
    1.52847e-09
    1.48529e-09
    1.44344e-09
    1.40279e-09
    1.36336e-09
     1.3248e-09
    1.28746e-09
    1.25131e-09
    1.21591e-09
    1.18165e-09
    1.14849e-09
     1.1161e-09
    1.08451e-09
    1.05391e-09
    1.02425e-09
    9.95372e-10
    9.67303e-10
    9.40031e-10
    9.13542e-10
    8.87773e-10
    8.62776e-10
    8.38438e-10
    8.14815e-10
    7.91835e-10
    7.69514e-10
    7.47813e-10
    7.26734e-10
    7.06241e-10
    6.86336e-10
    6.66984e-10
    6.48182e-10
     6.2991e-10
    6.12152e-10
    5.94895e-10
    5.78124e-10
    5.61825e-10
    5.45987e-10
    5.30594e-10
    5.15635e-10
    5.01099e-10
    4.86972e-10
    4.73243e-10
    4.59902e-10
    4.46937e-10
    4.34337e-10
    4.22092e-10
    4.10193e-10
    3.98629e-10
    3.87391e-10
     3.7647e-10
    3.65857e-10
    3.55542e-10
    3.45519e-10
    3.35778e-10
    3.26312e-10
    3.17113e-10
    3.08173e-10
    2.99485e-10
    2.91042e-10
    2.82837e-10
    2.74864e-10
    2.67115e-10
    2.59584e-10
    2.52266e-10
    2.45155e-10
    2.38243e-10
    2.31527e-10
       2.25e-10
    2.18657e-10
    2.12492e-10
    2.06502e-10
     2.0068e-10
    1.95023e-10
    1.89525e-10
    1.84182e-10
    1.78989e-10
    1.73943e-10
     1.6904e-10
    1.64274e-10
    1.59643e-10
    1.55142e-10
    1.50769e-10
    1.46518e-10
    1.42388e-10
    1.38374e-10
    1.34473e-10
    1.30682e-10
    1.26998e-10
    1.23417e-10
    1.19938e-10
    1.16557e-10
    1.13271e-10
    1.10078e-10
    1.06974e-10
    1.03958e-10
    1.01028e-10
    9.81796e-11
    9.54118e-11
    9.27219e-11
     9.0108e-11
    8.75677e-11
     8.5099e-11
    8.26999e-11
    8.03685e-11
    7.81028e-11
    7.59009e-11
    7.37612e-11
    7.16817e-11
    6.96609e-11
    6.76971e-11
    6.57886e-11
    6.39339e-11
    6.21315e-11
    6.03799e-11
    5.86777e-11
    5.70235e-11
    5.54159e-11
    5.38536e-11
    5.23354e-11
      5.086e-11
    4.94262e-11
    4.80328e-11
    4.66787e-11
    4.53627e-11
    4.40839e-11
    4.28411e-11
    4.16333e-11
    4.04596e-11
     3.9319e-11
    3.82105e-11
    3.71333e-11
    3.60865e-11
    3.50691e-11
    3.40805e-11
    3.31197e-11
     3.2186e-11
    3.12786e-11
    3.03968e-11
    2.95399e-11
    2.87071e-11
    2.78978e-11
    2.71113e-11
     2.6347e-11
    2.56043e-11
    2.48824e-11
     2.4181e-11
    2.34993e-11
    2.28368e-11
     2.2193e-11
    2.15673e-11
    2.09593e-11
    2.03684e-11
    1.97942e-11
    1.92362e-11
    1.86939e-11
    1.81669e-11
    1.76547e-11
     1.7157e-11
    1.66733e-11
    1.62033e-11
    1.57465e-11
    1.53026e-11
    1.48712e-11
    1.44519e-11
    1.40445e-11
    1.36486e-11
    1.32638e-11
    1.28899e-11
    1.25265e-11
    1.21733e-11
    1.18301e-11
    1.14966e-11
    1.11725e-11
    1.08576e-11
    1.05515e-11
     1.0254e-11
    9.96493e-12
      9.684e-12
    9.41099e-12
    9.14568e-12
    8.88785e-12
    8.63729e-12
    8.39379e-12
    8.15716e-12
    7.92719e-12
    7.70371e-12
    7.48653e-12
    7.27548e-12
    7.07037e-12
    6.87104e-12
    6.67734e-12
    6.48909e-12
    6.30616e-12
    6.12838e-12
    5.95561e-12
    5.78771e-12
    5.62454e-12
    5.46598e-12
    5.31188e-12
    5.16213e-12
    5.01661e-12
    4.87518e-12
    4.73774e-12
    4.60418e-12
    4.47438e-12
    4.34824e-12
    4.22565e-12
    4.10653e-12
    3.99076e-12
    3.87825e-12
    3.76892e-12
    3.66267e-12
    3.55941e-12
    3.45906e-12
    3.36155e-12
    3.26678e-12
    3.17468e-12
    3.08518e-12
    2.99821e-12
    2.91368e-12
    2.83154e-12
    2.75172e-12
    2.67414e-12
    2.59875e-12
    2.52549e-12
    2.45429e-12
     2.3851e-12
    2.31786e-12
    2.25252e-12
    2.18902e-12
    2.12731e-12
    2.06733e-12
    2.00905e-12
    1.95241e-12
    1.89737e-12
    1.84388e-12
     1.7919e-12
    1.74138e-12
    1.69229e-12
    1.64458e-12
    1.59822e-12
    1.55316e-12
    1.50938e-12
    1.46683e-12
    1.42547e-12
    1.38529e-12
    1.34623e-12
    1.30828e-12
     1.2714e-12
    1.23556e-12
    1.20072e-12
    1.16687e-12
    1.13398e-12
    1.10201e-12
    1.07094e-12
    1.04075e-12
    1.01141e-12
    9.82896e-13
    9.55187e-13
    9.28259e-13
    9.02089e-13
    8.76658e-13
    8.51944e-13
    8.27926e-13
    8.04586e-13
    7.81903e-13
     7.5986e-13
    7.38438e-13
    7.17621e-13
     6.9739e-13
    6.77729e-13
    6.58623e-13
    6.40055e-13
    6.22011e-13
    6.04476e-13
    5.87435e-13
    5.70874e-13
     5.5478e-13
     5.3914e-13
    5.23941e-13
     5.0917e-13
    4.94816e-13
    4.80866e-13
     4.6731e-13
    4.54136e-13
    4.41333e-13
    4.28891e-13
      4.168e-13
     4.0505e-13
    3.93631e-13
    3.82533e-13
    3.71749e-13
    3.61269e-13
    3.51084e-13
    3.41187e-13
    3.31568e-13
    3.22221e-13
    3.13137e-13
    3.04309e-13
     2.9573e-13
    2.87393e-13
    2.79291e-13
    2.71417e-13
    2.63766e-13
     2.5633e-13
    2.49103e-13
    2.42081e-13
    2.35256e-13
    2.28624e-13
    2.22178e-13
    2.15915e-13
    2.09828e-13
    2.03913e-13
    1.98164e-13
    1.92577e-13
    1.87148e-13
    1.81872e-13
    1.76745e-13
    1.71762e-13
     1.6692e-13
    1.62214e-13
    1.57641e-13
    1.53197e-13
    1.48878e-13
    1.44681e-13
    1.40602e-13
    1.36639e-13
    1.32786e-13
    1.29043e-13
    1.25405e-13
     1.2187e-13
    1.18434e-13
    1.15095e-13
     1.1185e-13
    1.08697e-13
    1.05633e-13
    1.02655e-13
    9.97609e-14
    9.69485e-14
    9.42154e-14
    9.15593e-14
    8.89781e-14
    8.64697e-14
     8.4032e-14
     8.1663e-14
    7.93608e-14
    7.71235e-14
    7.49492e-14
    7.28363e-14
    7.07829e-14
    6.87874e-14
    6.68482e-14
    6.49637e-14
    6.31322e-14
    6.13524e-14
    5.96228e-14
    5.79419e-14
    5.63085e-14
     5.4721e-14
    5.31784e-14
    5.16792e-14
    5.02223e-14
    4.88064e-14
    4.74305e-14
    4.60934e-14
    4.47939e-14
    4.35311e-14
    4.23039e-14
    4.11113e-14
    3.99523e-14
     3.8826e-14
    3.77314e-14
    3.66677e-14
     3.5634e-14
    3.46294e-14
    3.36531e-14
    3.27044e-14
    3.17824e-14
    3.08864e-14
    3.00157e-14
    2.91695e-14
    2.83472e-14
     2.7548e-14
    2.67714e-14
    2.60167e-14
    2.52832e-14
    2.45704e-14
    2.38778e-14
    2.32046e-14
    2.25504e-14
    2.19147e-14
    2.12969e-14
    2.06965e-14
     2.0113e-14
     1.9546e-14
     1.8995e-14
    1.84595e-14
    1.79391e-14
    1.74333e-14
    1.69419e-14
    1.64643e-14
    1.60001e-14
     1.5549e-14
    1.51107e-14
    1.46847e-14
    1.42707e-14
    1.38684e-14
    1.34774e-14
    1.30975e-14
    1.27282e-14
    1.23694e-14
    1.20207e-14
    1.16818e-14
    1.13525e-14
    1.10324e-14
    1.07214e-14
    1.04192e-14
    1.01254e-14
    9.83998e-15
