              0
              0
              0
              0
              0
              0
              0
              0
    0.000160292
     0.00134962
    0.000950513
       0.599857
       0.302523
     0.00365394
     0.00272621
     0.00479416
     0.00529135
     0.00498973
      0.0718887
     0.00389351
     0.00417713
       0.207818
     0.00368387
     0.00416634
       0.140094
     0.00448399
      0.0966994
       0.051029
      0.0973211
     0.00508703
     0.00478086
        0.12996
     0.00452755
     0.00440578
     0.00435549
     0.00426441
      0.0671452
      0.0505422
      0.0671581
      0.0359845
     0.00445016
      0.0897469
     0.00417201
      0.0354256
     0.00405401
     0.00390943
       0.109289
     0.00378219
     0.00379984
      0.0351091
     0.00367019
      0.0327112
       0.032701
      0.0233524
      0.0231601
     0.00336682
     0.00335269
     0.00322237
      0.0165754
      0.0228157
      0.0227498
      0.0588822
      0.0164666
      0.0361005
     0.00291301
      0.0162098
       0.011862
     0.00269483
      0.0117695
      0.0025444
      0.0312547
     0.00244794
     0.00859636
     0.00233989
     0.00230199
     0.00223941
      0.0022128
     0.00214306
      0.0112078
     0.00205153
      0.0173174
     0.00615726
      0.0080949
      0.0060593
      0.0122263
     0.00176543
     0.00172554
     0.00591518
     0.00165238
     0.00160415
     0.00579801
     0.00608829
     0.00147375
     0.00145308
     0.00141261
     0.00424234
      0.0116464
     0.00131911
      0.0012882
     0.00547323
     0.00122061
     0.00314065
     0.00908355
     0.00925081
     0.00110552
     0.00526387
     0.00299595
     0.00388579
     0.00232368
    0.000970632
    0.000946525
     0.00224708
     0.00375113
     0.00177325
     0.00217245
    0.000826774
      0.0056285
     0.00229718
    0.000762671
    0.000742148
     0.00688352
    0.000706658
     0.00201441
    0.000669217
    0.000650668
     0.00166143
     0.00193346
    0.000598245
    0.000582592
    0.000567819
    0.000836378
     0.00143842
     0.00141977
    0.000510075
    0.000496737
     0.00048439
      0.0004707
     0.00178512
     0.00086217
    0.000626717
     0.00103339
    0.000409931
     0.00130227
     0.00100295
    0.000661967
    0.000368583
    0.000359023
    0.000632595
    0.000469632
    0.000330531
    0.000320712
    0.000311925
    0.000303587
     0.00029517
    0.000480958
    0.000696906
    0.000886453
    0.000265011
    0.000450017
    0.000311355
    0.000333215
    0.000429013
    0.000230527
    0.000224289
     0.00130734
    0.000212191
    0.000247551
    0.000290128
    0.000195258
    0.000231201
    0.000226367
    0.000179629
    0.000202488
    0.000169901
      0.0001653
    0.000160606
    0.000156419
    0.000171318
    0.000148018
    0.000143611
    0.000242244
    0.000190256
    0.000188357
    0.000128666
    0.000166352
    0.000149684
    0.000118156
    0.000114928
    0.000111715
    0.000127928
    0.000105681
    0.000102834
    0.000100084
    9.72584e-05
      9.458e-05
    9.18849e-05
    9.80492e-05
    9.28101e-05
    0.000125684
    8.20406e-05
    0.000177778
    9.67387e-05
    0.000107397
    8.20841e-05
    0.000118766
    6.93783e-05
    8.64675e-05
    6.55279e-05
    6.36691e-05
    8.09495e-05
    6.01617e-05
     8.6595e-05
    5.69155e-05
    9.33436e-05
    5.37374e-05
    9.35145e-05
    6.56356e-05
    6.09947e-05
    5.27491e-05
    4.67325e-05
    5.73882e-05
    4.81948e-05
    4.28737e-05
    4.16993e-05
    0.000103995
    3.94308e-05
    3.83144e-05
    3.72787e-05
    3.61885e-05
    5.35193e-05
    4.43094e-05
    5.23325e-05
    4.23819e-05
    3.14245e-05
    4.35024e-05
    3.43558e-05
     2.8868e-05
    4.71333e-05
    2.72649e-05
    2.92752e-05
    2.61927e-05
    2.50476e-05
     2.4333e-05
    2.55474e-05
    2.38808e-05
    2.23459e-05
    2.57958e-05
    2.11213e-05
     2.1155e-05
    1.99772e-05
    1.93883e-05
    1.88966e-05
    1.83224e-05
    1.86811e-05
     1.7315e-05
    1.68308e-05
    1.63556e-05
    1.64918e-05
    1.54624e-05
    1.58954e-05
      1.461e-05
    1.41989e-05
    1.78761e-05
    1.41371e-05
    1.30377e-05
    1.26693e-05
    1.23181e-05
    1.19685e-05
    1.19036e-05
    1.13056e-05
    1.22658e-05
    1.06894e-05
     1.2397e-05
    1.02186e-05
    9.81656e-06
    9.81266e-06
    1.52331e-05
    9.00787e-06
    8.75513e-06
    8.50788e-06
    8.30954e-06
    8.03599e-06
    7.81509e-06
    9.88481e-06
     7.3833e-06
     7.7697e-06
    7.24853e-06
    6.77846e-06
     1.0666e-05
    1.04819e-05
    6.28041e-06
    6.04793e-06
    5.87742e-06
    5.98378e-06
    5.55103e-06
    5.80246e-06
    5.28655e-06
    5.09618e-06
     4.9588e-06
    4.81645e-06
    4.69325e-06
    5.00924e-06
    4.54906e-06
    4.38294e-06
    4.38886e-06
    4.05723e-06
     4.2199e-06
    3.83564e-06
    3.99992e-06
    3.62305e-06
    3.52967e-06
    3.42243e-06
    3.34372e-06
    3.24356e-06
    3.82011e-06
    3.05232e-06
     2.9667e-06
    2.88229e-06
    2.80328e-06
    2.72361e-06
    2.64614e-06
    2.57361e-06
    2.50465e-06
    2.43006e-06
    2.36238e-06
    2.30081e-06
    2.23117e-06
    2.35848e-06
    2.11059e-06
    2.04804e-06
    2.08047e-06
    1.93395e-06
     1.8863e-06
    1.82724e-06
    1.77956e-06
    1.72575e-06
    1.67705e-06
    1.63143e-06
    1.60281e-06
    1.61052e-06
    1.51442e-06
     1.4537e-06
    1.43485e-06
     1.3761e-06
    1.33472e-06
    1.29785e-06
    1.26075e-06
    1.41427e-06
    1.19082e-06
     1.1613e-06
    1.12457e-06
    1.09285e-06
    1.06403e-06
    1.03255e-06
     1.4066e-06
    1.01507e-06
      9.479e-07
    9.21143e-07
    9.22366e-07
    8.69736e-07
     8.4544e-07
    8.21496e-07
    7.98333e-07
    8.15743e-07
    7.54161e-07
    7.33246e-07
    7.12197e-07
    6.92176e-07
    6.73122e-07
    9.27934e-07
    6.35472e-07
    6.20333e-07
    6.06005e-07
    5.85975e-07
    7.71573e-07
    5.50826e-07
    5.35488e-07
    5.20396e-07
    5.05722e-07
    4.91472e-07
    4.77736e-07
    4.64227e-07
    4.51086e-07
    4.46854e-07
    4.26001e-07
    4.27794e-07
    4.02357e-07
    3.91015e-07
    3.80028e-07
    3.69502e-07
    4.17489e-07
    3.48824e-07
    3.39178e-07
    3.29425e-07
    3.20243e-07
    3.12974e-07
    3.02424e-07
    2.96957e-07
    2.98168e-07
     2.7756e-07
    2.96946e-07
    2.62201e-07
    2.54755e-07
    2.50743e-07
    2.43357e-07
    2.33887e-07
    2.33069e-07
     2.2269e-07
    2.33063e-07
    2.10404e-07
    2.05404e-07
    1.96998e-07
    1.91547e-07
    1.86081e-07
    1.80839e-07
     1.7582e-07
    1.70781e-07
    1.66003e-07
    1.61321e-07
     1.5678e-07
    1.52352e-07
    1.48054e-07
    1.43888e-07
    1.39861e-07
     1.3593e-07
    1.32064e-07
    1.28383e-07
    1.24764e-07
    1.21218e-07
    1.17825e-07
    1.14498e-07
    1.13942e-07
    1.08136e-07
    1.05074e-07
     1.0212e-07
    9.92449e-08
    9.64925e-08
    9.76692e-08
    9.10946e-08
    8.85645e-08
    8.60303e-08
    8.36193e-08
    8.12553e-08
    7.89751e-08
    7.67411e-08
    7.45744e-08
    7.24754e-08
    7.04521e-08
    6.84663e-08
    6.65261e-08
    6.46607e-08
    6.28379e-08
    6.10607e-08
    5.93419e-08
    5.76667e-08
    5.60427e-08
    5.44619e-08
    5.29276e-08
    5.14419e-08
    5.00045e-08
    4.85802e-08
    4.72143e-08
    4.58968e-08
    4.45885e-08
    4.33328e-08
    4.21129e-08
    4.09287e-08
    3.97702e-08
    3.86502e-08
     3.7561e-08
    3.65117e-08
    3.54808e-08
    4.20918e-08
    3.35101e-08
    3.25658e-08
    3.16426e-08
    3.07532e-08
    2.98838e-08
    2.90428e-08
    2.82231e-08
    2.74277e-08
    2.66552e-08
    2.59034e-08
    2.51827e-08
    2.44643e-08
    2.37755e-08
    2.31142e-08
    2.24541e-08
    2.18215e-08
    2.12062e-08
     2.0611e-08
     2.0028e-08
    1.94637e-08
    2.01536e-08
    1.83852e-08
    1.78674e-08
    1.73602e-08
    1.68747e-08
     1.6399e-08
    1.59345e-08
    1.54858e-08
    1.50489e-08
    1.46246e-08
    1.42121e-08
    1.38112e-08
    1.34222e-08
    1.30438e-08
    1.26811e-08
    1.23191e-08
    1.19727e-08
    1.16386e-08
    1.13067e-08
    1.09894e-08
     1.0679e-08
    1.03785e-08
    1.00854e-08
    9.80082e-09
    9.52605e-09
    9.25765e-09
    8.99557e-09
     8.7431e-09
    8.49694e-09
    8.25643e-09
     8.0239e-09
    7.79737e-09
    7.57759e-09
    7.36397e-09
    7.15625e-09
    6.95464e-09
    6.75853e-09
    6.57006e-09
    6.38307e-09
    6.20302e-09
    6.03005e-09
    5.85838e-09
     5.6933e-09
    5.53282e-09
    5.37713e-09
    5.22535e-09
    5.07803e-09
     4.9348e-09
    4.79651e-09
    4.66134e-09
    4.52928e-09
    4.40218e-09
    4.27815e-09
    4.15707e-09
    4.03986e-09
    3.92595e-09
    3.81529e-09
    3.70775e-09
    3.60318e-09
    3.50166e-09
    3.40293e-09
    3.30796e-09
    3.21387e-09
    3.12322e-09
    3.03604e-09
    2.94968e-09
    2.86656e-09
    2.78575e-09
    2.70735e-09
    2.63094e-09
    2.55677e-09
    2.48498e-09
    2.41497e-09
    2.34666e-09
    2.28073e-09
    2.21648e-09
    2.15377e-09
    2.09307e-09
    2.03404e-09
     1.9767e-09
    1.92098e-09
     1.8668e-09
    1.81421e-09
    1.76305e-09
    1.71379e-09
     1.6651e-09
    1.61813e-09
    1.57292e-09
    1.52822e-09
    1.48515e-09
    1.44328e-09
    1.40266e-09
    1.36308e-09
    1.32465e-09
    1.28729e-09
    1.25117e-09
    1.21591e-09
     1.1815e-09
    1.14831e-09
    1.11596e-09
    1.08439e-09
    1.05382e-09
    1.02411e-09
     9.9524e-10
    9.67186e-10
    9.39911e-10
    9.13426e-10
    8.87673e-10
    8.62671e-10
    8.38335e-10
    8.14707e-10
    7.91739e-10
    7.69418e-10
    7.47722e-10
    7.26638e-10
    7.06155e-10
    6.86249e-10
    6.66902e-10
      6.481e-10
    6.29832e-10
    6.12077e-10
    5.94821e-10
    5.78052e-10
    5.61756e-10
    5.45919e-10
    5.30528e-10
    5.15572e-10
    5.01037e-10
    4.86912e-10
    4.73185e-10
    4.59845e-10
    4.46881e-10
    4.34283e-10
     4.2204e-10
    4.10142e-10
     3.9858e-10
    3.87343e-10
    3.76423e-10
    3.65811e-10
    3.55498e-10
    3.45476e-10
    3.35737e-10
    3.26272e-10
    3.17074e-10
    3.08135e-10
    2.99448e-10
    2.91006e-10
    2.82802e-10
     2.7483e-10
    2.67082e-10
    2.59552e-10
    2.52235e-10
    2.45124e-10
    2.38214e-10
    2.31498e-10
    2.24972e-10
     2.1863e-10
    2.12466e-10
    2.06476e-10
    2.00655e-10
    1.94999e-10
    1.89501e-10
    1.84159e-10
    1.78967e-10
    1.73922e-10
    1.69019e-10
    1.64254e-10
    1.59623e-10
    1.55123e-10
     1.5075e-10
      1.465e-10
     1.4237e-10
    1.38356e-10
    1.34456e-10
    1.30665e-10
    1.26982e-10
    1.23402e-10
    1.19923e-10
    1.16542e-10
    1.13257e-10
    1.10064e-10
    1.06961e-10
    1.03946e-10
    1.01015e-10
    9.81674e-11
    9.53999e-11
    9.27105e-11
    9.00968e-11
    8.75568e-11
    8.50885e-11
    8.26897e-11
    8.03585e-11
    7.80931e-11
    7.58915e-11
     7.3752e-11
    7.16729e-11
    6.96523e-11
    6.76887e-11
    6.57804e-11
     6.3926e-11
    6.21238e-11
    6.03724e-11
    5.86704e-11
    5.70164e-11
     5.5409e-11
     5.3847e-11
    5.23289e-11
    5.08537e-11
    4.94201e-11
    4.80268e-11
    4.66729e-11
    4.53571e-11
    4.40784e-11
    4.28358e-11
    4.16282e-11
    4.04546e-11
    3.93141e-11
    3.82058e-11
    3.71287e-11
     3.6082e-11
    3.50648e-11
    3.40763e-11
    3.31156e-11
     3.2182e-11
    3.12748e-11
    3.03931e-11
    2.95362e-11
    2.87036e-11
    2.78944e-11
     2.7108e-11
    2.63438e-11
    2.56011e-11
    2.48794e-11
     2.4178e-11
    2.34964e-11
     2.2834e-11
    2.21902e-11
    2.15647e-11
    2.09567e-11
    2.03659e-11
    1.97918e-11
    1.92338e-11
    1.86916e-11
    1.81646e-11
    1.76525e-11
    1.71549e-11
    1.66713e-11
    1.62013e-11
    1.57445e-11
    1.53007e-11
    1.48693e-11
    1.44501e-11
    1.40428e-11
    1.36469e-11
    1.32621e-11
    1.28883e-11
    1.25249e-11
    1.21718e-11
    1.18287e-11
    1.14952e-11
    1.11711e-11
    1.08562e-11
    1.05502e-11
    1.02527e-11
    9.96369e-12
     9.6828e-12
    9.40983e-12
    9.14455e-12
    8.88675e-12
    8.63622e-12
    8.39275e-12
    8.15614e-12
    7.92621e-12
    7.70276e-12
    7.48561e-12
    7.27457e-12
    7.06949e-12
    6.87019e-12
    6.67651e-12
    6.48829e-12
    6.30537e-12
    6.12762e-12
    5.95487e-12
    5.78699e-12
    5.62385e-12
     5.4653e-12
    5.31123e-12
     5.1615e-12
    5.01598e-12
    4.87458e-12
    4.73715e-12
    4.60361e-12
    4.47382e-12
     4.3477e-12
    4.22513e-12
    4.10602e-12
    3.99026e-12
    3.87777e-12
    3.76845e-12
    3.66221e-12
    3.55897e-12
    3.45864e-12
    3.36113e-12
    3.26638e-12
    3.17429e-12
     3.0848e-12
    2.99784e-12
    2.91332e-12
    2.83119e-12
    2.75138e-12
    2.67381e-12
    2.59843e-12
    2.52518e-12
    2.45399e-12
    2.38481e-12
    2.31758e-12
    2.25224e-12
    2.18875e-12
    2.12704e-12
    2.06708e-12
     2.0088e-12
    1.95217e-12
    1.89714e-12
    1.84365e-12
    1.79168e-12
    1.74117e-12
    1.69208e-12
    1.64438e-12
    1.59802e-12
    1.55297e-12
    1.50919e-12
    1.46664e-12
     1.4253e-12
    1.38512e-12
    1.34607e-12
    1.30812e-12
    1.27124e-12
     1.2354e-12
    1.20057e-12
    1.16673e-12
    1.13384e-12
    1.10187e-12
    1.07081e-12
    1.04062e-12
    1.01128e-12
    9.82774e-13
    9.55068e-13
    9.28144e-13
    9.01978e-13
     8.7655e-13
    8.51838e-13
    8.27824e-13
    8.04486e-13
    7.81806e-13
    7.59766e-13
    7.38347e-13
    7.17532e-13
    6.97303e-13
    6.77645e-13
    6.58541e-13
    6.39976e-13
    6.21934e-13
    6.04401e-13
    5.87362e-13
    5.70803e-13
    5.54711e-13
    5.39073e-13
    5.23876e-13
    5.09107e-13
    4.94754e-13
    4.80807e-13
    4.67252e-13
    4.54079e-13
    4.41278e-13
    4.28838e-13
    4.16748e-13
    4.04999e-13
    3.93582e-13
    3.82486e-13
    3.71703e-13
    3.61224e-13
    3.51041e-13
    3.41144e-13
    3.31527e-13
    3.22181e-13
    3.13098e-13
    3.04271e-13
    2.95693e-13
    2.87357e-13
    2.79256e-13
    2.71384e-13
    2.63733e-13
    2.56298e-13
    2.49072e-13
    2.42051e-13
    2.35227e-13
    2.28595e-13
    2.22151e-13
    2.15888e-13
    2.09802e-13
    2.03887e-13
    1.98139e-13
    1.92554e-13
    1.87125e-13
     1.8185e-13
    1.76723e-13
    1.71741e-13
    1.66899e-13
    1.62194e-13
    1.57622e-13
    1.53178e-13
     1.4886e-13
    1.44663e-13
    1.40585e-13
    1.36622e-13
     1.3277e-13
    1.29027e-13
     1.2539e-13
    1.21855e-13
    1.18419e-13
    1.15081e-13
    1.11837e-13
    1.08684e-13
     1.0562e-13
    1.02642e-13
    9.97486e-14
    9.69365e-14
    9.42037e-14
     9.1548e-14
    8.89671e-14
     8.6459e-14
    8.40215e-14
    8.16528e-14
    7.93509e-14
    7.71139e-14
    7.49399e-14
    7.28273e-14
    7.07741e-14
    6.87789e-14
    6.68399e-14
    6.49556e-14
    6.31244e-14
    6.13448e-14
    5.96154e-14
    5.79348e-14
    5.63015e-14
    5.47143e-14
    5.31718e-14
    5.16728e-14
    5.02161e-14
    4.88004e-14
    4.74246e-14
    4.60877e-14
    4.47884e-14
    4.35257e-14
    4.22987e-14
    4.11062e-14
    3.99473e-14
    3.88212e-14
    3.77267e-14
    3.66632e-14
    3.56296e-14
    3.46251e-14
     3.3649e-14
    3.27004e-14
    3.17785e-14
    3.08826e-14
     3.0012e-14
    2.91659e-14
    2.83437e-14
    2.75446e-14
    2.67681e-14
    2.60134e-14
    2.52801e-14
    2.45674e-14
    2.38748e-14
    2.32017e-14
    2.25476e-14
     2.1912e-14
    2.12943e-14
    2.06939e-14
    2.01105e-14
    1.95436e-14
    1.89926e-14
    1.84572e-14
    1.79369e-14
    1.74312e-14
    1.69398e-14
    1.64622e-14
    1.59981e-14
    1.55471e-14
    1.51088e-14
    1.46829e-14
    1.42689e-14
    1.38667e-14
    1.34758e-14
    1.30958e-14
    1.27267e-14
    1.23679e-14
    1.20192e-14
    1.16804e-14
    1.13511e-14
    1.10311e-14
    1.07201e-14
    1.04179e-14
    1.01242e-14
    9.83876e-15
