              0
              0
              0
              0
              0
              0
              0
              0
    0.000152377
     0.00113194
      0.0011997
     0.00351145
     0.00146426
       0.400077
       0.303447
     0.00360455
     0.00505374
     0.00534469
      0.0720455
      0.0724603
     0.00367572
      0.0718848
       0.140215
     0.00372387
     0.00401673
       0.143046
     0.00464103
       0.264122
      0.0508403
      0.0822402
      0.0048285
      0.0046452
      0.0507167
      0.0987056
      0.0985083
       0.035706
      0.0470863
       0.139455
        0.02573
       0.035706
      0.0571801
      0.0470363
     0.00423927
      0.0569654
      0.0253877
       0.111493
      0.0328539
     0.00383301
      0.0183137
      0.0449799
      0.0136152
      0.0379023
      0.0379584
      0.0446626
      0.0247065
     0.00335699
      0.0277022
      0.0131277
      0.0177572
      0.0295649
     0.00977403
      0.0164551
     0.00968051
     0.00969761
      0.0240906
     0.00283994
     0.00280761
     0.00268996
      0.0103654
      0.0215751
     0.00250821
     0.00247085
     0.00239426
     0.00692523
     0.00232678
     0.00533874
     0.00894639
     0.00216014
     0.00667424
     0.00205843
     0.00200641
     0.00865055
      0.0061247
     0.00707725
     0.00492212
     0.00488893
     0.00630063
     0.00170422
      0.0089846
      0.0082686
      0.0015702
     0.00822354
     0.00149673
     0.00146505
     0.00451966
     0.00838257
     0.00490215
     0.00343522
     0.00370785
      0.0026979
     0.00123805
     0.00284039
     0.00214699
     0.00257541
     0.00305919
     0.00108938
     0.00105297
     0.00102675
     0.00198122
     0.00142914
     0.00140456
    0.000932423
     0.00121144
    0.000883844
     0.00130663
     0.00173988
     0.00201992
    0.000794575
     0.00204731
     0.00140902
     0.00118381
     0.00136973
     0.00159657
    0.000675228
    0.000866615
    0.000640252
     0.00106998
    0.000606227
    0.000797091
     0.00144082
     0.00157266
    0.000543749
    0.000671743
    0.000823472
     0.00050098
     0.00115251
    0.000713516
    0.000604521
     0.00090189
    0.000884025
     0.00118435
     0.00062351
    0.000402113
    0.000536148
    0.000427313
    0.000371981
    0.000458916
    0.000417413
    0.000694135
     0.00103733
    0.000533722
    0.000315979
    0.000643605
    0.000746921
    0.000356004
    0.000282737
    0.000888454
    0.000454459
    0.000305397
    0.000253354
    0.000246826
    0.000391544
    0.000329206
    0.000312957
    0.000220742
    0.000385884
    0.000318706
    0.000471772
    0.000406128
    0.000480247
    0.000424731
     0.00029199
    0.000273018
    0.000216274
    0.000339244
    0.000162688
    0.000157879
    0.000153363
    0.000180005
    0.000190168
    0.000161999
     0.00023022
    0.000133975
    0.000130001
    0.000137392
    0.000123111
    0.000163986
    0.000130198
    0.000133804
    0.000144448
      0.0001069
    0.000155031
     0.00013135
     0.00010486
    0.000119277
    0.000102386
     9.9812e-05
    0.000108341
    0.000124221
    0.000103424
     8.7191e-05
    7.83868e-05
    7.63014e-05
    7.41242e-05
    7.64726e-05
    7.01521e-05
    6.82186e-05
    7.77276e-05
    6.45063e-05
    8.32777e-05
    6.17333e-05
    7.16416e-05
    7.15568e-05
    6.88715e-05
    5.43513e-05
    5.29175e-05
    7.48904e-05
     8.3305e-05
    4.85744e-05
      6.782e-05
    7.53917e-05
    4.46149e-05
    6.79177e-05
     5.1686e-05
    4.58168e-05
    5.52859e-05
    3.87092e-05
    4.20582e-05
    3.75646e-05
    3.76375e-05
    3.66409e-05
    3.89706e-05
    3.27116e-05
    5.88315e-05
    3.19474e-05
    3.00124e-05
     2.9611e-05
    2.90145e-05
    2.89833e-05
    2.71099e-05
    2.69913e-05
    3.27699e-05
    2.46143e-05
    3.44038e-05
    2.45523e-05
    2.46483e-05
    2.28424e-05
    2.27386e-05
    2.07587e-05
    2.06222e-05
    2.16433e-05
    2.04314e-05
    1.86388e-05
    1.94187e-05
    2.14422e-05
    1.70275e-05
    1.95173e-05
      2.571e-05
    1.62688e-05
    1.60334e-05
    1.47676e-05
    1.64878e-05
    1.49043e-05
    1.53467e-05
    1.31762e-05
     1.2951e-05
    1.30928e-05
     1.2813e-05
    1.26036e-05
    1.48964e-05
    1.21877e-05
    1.38031e-05
    1.06364e-05
    1.11837e-05
    9.92168e-06
    9.64413e-06
    9.66949e-06
    9.40646e-06
    9.05669e-06
    8.90487e-06
    8.72959e-06
    8.13373e-06
    7.92859e-06
    8.11091e-06
    8.85075e-06
    7.25572e-06
    7.05798e-06
    7.19328e-06
    7.05071e-06
    6.97573e-06
      6.292e-06
    6.21174e-06
    6.08063e-06
    5.79609e-06
    5.65661e-06
    5.59272e-06
     5.3974e-06
     5.2485e-06
     5.0119e-06
    5.30932e-06
    4.73329e-06
     4.6139e-06
    4.53406e-06
    4.36171e-06
    4.22207e-06
    4.28398e-06
    3.99814e-06
    3.90608e-06
    3.76881e-06
    3.72047e-06
     3.5615e-06
    3.56388e-06
      3.363e-06
    3.86988e-06
    3.21593e-06
    3.11009e-06
     3.0131e-06
    2.92129e-06
     3.1592e-06
    2.75478e-06
    2.67693e-06
     2.6213e-06
    2.53017e-06
    2.47287e-06
    2.38808e-06
    2.33011e-06
    2.26996e-06
     2.2079e-06
    2.15061e-06
    2.07024e-06
    2.12555e-06
    1.95632e-06
    2.06715e-06
    1.85481e-06
    1.79594e-06
    1.76055e-06
    1.70183e-06
    1.65815e-06
    1.81261e-06
    1.55681e-06
    1.79754e-06
    1.47019e-06
    1.42902e-06
    1.38904e-06
     1.3804e-06
    1.42494e-06
    1.27556e-06
      1.242e-06
    1.22423e-06
    1.17022e-06
    1.14965e-06
    1.11365e-06
      1.097e-06
    1.05741e-06
    1.01611e-06
    9.86089e-07
    9.58941e-07
    9.79014e-07
    9.12818e-07
    8.80662e-07
    8.60001e-07
    8.32957e-07
    8.09367e-07
    7.84637e-07
    7.64541e-07
    7.41144e-07
    7.29833e-07
    6.99897e-07
    6.82246e-07
     6.6596e-07
    6.63373e-07
    6.30825e-07
    6.06998e-07
    6.53288e-07
    5.79461e-07
     5.5713e-07
     5.4136e-07
    5.26319e-07
    5.11407e-07
    4.96859e-07
    4.83086e-07
     4.6945e-07
    4.60485e-07
    4.43402e-07
    4.47913e-07
    4.20757e-07
     4.0684e-07
    3.97449e-07
    3.84295e-07
    3.73494e-07
    3.65936e-07
    3.53338e-07
    3.44229e-07
    3.34868e-07
    3.23783e-07
    3.14724e-07
    3.05841e-07
    2.97873e-07
    2.88818e-07
    2.83651e-07
     2.8632e-07
    2.65127e-07
     2.5771e-07
    2.51704e-07
    2.90784e-07
     2.4279e-07
    2.29838e-07
    2.43306e-07
    2.17109e-07
    2.10968e-07
    2.05009e-07
     1.9926e-07
    1.93619e-07
    1.88235e-07
    1.82861e-07
    1.77715e-07
    1.72812e-07
     1.6785e-07
    1.66958e-07
    1.58554e-07
    1.54096e-07
    1.49729e-07
    1.45505e-07
    1.41424e-07
    1.37433e-07
    1.33596e-07
    1.29787e-07
    1.26175e-07
    1.42552e-07
    1.23395e-07
    1.15785e-07
    1.12532e-07
    1.09374e-07
    1.10533e-07
    1.16824e-07
    1.00372e-07
    9.75414e-08
    9.48116e-08
    9.21136e-08
    9.01469e-08
    8.70476e-08
    8.45563e-08
    8.21808e-08
    7.98601e-08
    7.76213e-08
    7.54251e-08
    7.95659e-08
    7.12275e-08
    6.92303e-08
     6.8624e-08
    6.53786e-08
    6.35545e-08
    6.17591e-08
    6.00091e-08
    5.96663e-08
    5.66811e-08
    5.50795e-08
    5.35278e-08
    5.20162e-08
    5.05533e-08
    4.91383e-08
    4.77437e-08
    4.63992e-08
    4.51117e-08
     4.3822e-08
    4.25913e-08
    4.13882e-08
     4.0227e-08
    3.90887e-08
    3.79862e-08
    3.69158e-08
    3.58766e-08
    3.54895e-08
    3.38812e-08
    3.29361e-08
    3.20057e-08
    3.24385e-08
    3.02226e-08
    2.93703e-08
    2.85472e-08
     2.9269e-08
    2.69563e-08
    2.61967e-08
    2.54585e-08
    2.47447e-08
    2.40428e-08
    2.33671e-08
    2.27171e-08
    2.20684e-08
    2.14474e-08
    2.08437e-08
    2.02572e-08
     1.9684e-08
    1.91287e-08
    1.85896e-08
    1.80662e-08
    1.75599e-08
    1.70614e-08
    1.65852e-08
    1.61162e-08
    1.56601e-08
     1.5219e-08
    1.47907e-08
    1.43753e-08
    1.39678e-08
    1.35739e-08
    1.31915e-08
    1.28199e-08
    1.24608e-08
    1.21072e-08
    1.17665e-08
    1.20586e-08
    1.11128e-08
    1.07998e-08
    1.04971e-08
    1.01992e-08
    9.91212e-09
    9.63232e-09
    9.36104e-09
    9.09851e-09
     8.8405e-09
    8.59315e-09
    8.35062e-09
    8.11422e-09
    7.88564e-09
    7.66327e-09
    7.44849e-09
     7.2373e-09
    7.03335e-09
    6.83498e-09
    6.64246e-09
    6.45607e-09
     6.2732e-09
    6.09644e-09
    5.92627e-09
    5.75777e-09
    5.59546e-09
    5.43775e-09
    5.28511e-09
    5.13543e-09
    4.99072e-09
    4.84994e-09
    4.71342e-09
    4.58108e-09
    4.45133e-09
    4.32661e-09
    4.20447e-09
    4.08555e-09
    3.97038e-09
     3.8584e-09
    3.75025e-09
    3.64396e-09
    3.54128e-09
     3.4414e-09
    3.34448e-09
    3.25059e-09
    3.15856e-09
    3.06953e-09
     2.9838e-09
    2.89901e-09
    2.81729e-09
    2.73817e-09
    2.66071e-09
     2.5857e-09
    2.51277e-09
    2.44197e-09
    2.37345e-09
    2.30623e-09
    2.24157e-09
    2.17834e-09
     2.1167e-09
    2.05706e-09
    1.99903e-09
    1.94297e-09
    1.88792e-09
    1.83474e-09
    1.78299e-09
    1.73276e-09
     1.6841e-09
    1.63644e-09
    1.59032e-09
    1.54585e-09
    1.50196e-09
    1.45962e-09
    1.41848e-09
    1.37863e-09
    1.33962e-09
    1.30187e-09
    1.26515e-09
    1.22953e-09
    1.19498e-09
    1.16116e-09
    1.12859e-09
    1.09674e-09
    1.06574e-09
    1.03569e-09
    1.00649e-09
    9.78154e-10
    9.50546e-10
    9.23749e-10
    8.97709e-10
     8.7241e-10
    8.47815e-10
     8.2392e-10
    8.00695e-10
    7.78113e-10
    7.56184e-10
    7.34861e-10
    7.14142e-10
    6.94008e-10
    6.74447e-10
    6.55431e-10
    6.36954e-10
    6.18997e-10
    6.01547e-10
     5.8459e-10
    5.68108e-10
    5.52093e-10
    5.36528e-10
    5.21403e-10
    5.06703e-10
    4.92418e-10
    4.78536e-10
    4.65046e-10
    4.51935e-10
    4.39195e-10
    4.26813e-10
    4.14781e-10
    4.03087e-10
    3.91724e-10
     3.8068e-10
    3.69948e-10
    3.59519e-10
    3.49383e-10
    3.39534e-10
    3.29962e-10
     3.2066e-10
     3.1162e-10
    3.02835e-10
    2.94297e-10
    2.86001e-10
    2.77938e-10
    2.70102e-10
    2.62488e-10
    2.55088e-10
    2.47896e-10
    2.40908e-10
    2.34116e-10
    2.27516e-10
    2.21102e-10
    2.14869e-10
    2.08811e-10
    2.02925e-10
    1.97204e-10
    1.91644e-10
    1.86242e-10
    1.80991e-10
    1.75889e-10
     1.7093e-10
    1.66111e-10
    1.61428e-10
    1.56878e-10
    1.52455e-10
    1.48157e-10
     1.4398e-10
    1.39921e-10
    1.35977e-10
    1.32143e-10
    1.28418e-10
    1.24798e-10
    1.21279e-10
     1.1786e-10
    1.14538e-10
    1.11309e-10
    1.08171e-10
    1.05121e-10
    1.02158e-10
    9.92776e-11
    9.64788e-11
    9.37589e-11
    9.11157e-11
     8.8547e-11
    8.60508e-11
    8.36248e-11
    8.12673e-11
    7.89763e-11
    7.67498e-11
    7.45861e-11
    7.24834e-11
      7.044e-11
    6.84542e-11
    6.65243e-11
    6.46489e-11
    6.28264e-11
    6.10552e-11
     5.9334e-11
    5.76612e-11
    5.60357e-11
    5.44559e-11
    5.29207e-11
    5.14288e-11
     4.9979e-11
      4.857e-11
    4.72007e-11
      4.587e-11
    4.45769e-11
    4.33202e-11
    4.20989e-11
    4.09121e-11
    3.97587e-11
    3.86379e-11
    3.75486e-11
    3.64901e-11
    3.54613e-11
    3.44616e-11
    3.34901e-11
     3.2546e-11
    3.16284e-11
    3.07368e-11
    2.98703e-11
    2.90282e-11
    2.82098e-11
    2.74145e-11
    2.66417e-11
    2.58906e-11
    2.51607e-11
    2.44514e-11
    2.37621e-11
    2.30922e-11
    2.24412e-11
    2.18085e-11
    2.11937e-11
    2.05962e-11
    2.00156e-11
    1.94513e-11
     1.8903e-11
    1.83701e-11
    1.78522e-11
    1.73489e-11
    1.68598e-11
    1.63845e-11
    1.59226e-11
    1.54737e-11
    1.50375e-11
    1.46135e-11
    1.42016e-11
    1.38012e-11
    1.34121e-11
     1.3034e-11
    1.26666e-11
    1.23095e-11
    1.19625e-11
    1.16252e-11
    1.12975e-11
     1.0979e-11
    1.06695e-11
    1.03687e-11
    1.00764e-11
     9.7923e-12
    9.51624e-12
    9.24797e-12
    8.98725e-12
    8.73389e-12
    8.48766e-12
    8.24838e-12
    8.01585e-12
    7.78987e-12
    7.57026e-12
    7.35684e-12
    7.14944e-12
    6.94789e-12
    6.75202e-12
    6.56167e-12
    6.37668e-12
    6.19691e-12
    6.02221e-12
    5.85244e-12
    5.68745e-12
    5.52711e-12
    5.37129e-12
    5.21987e-12
    5.07271e-12
     4.9297e-12
    4.79073e-12
    4.65567e-12
    4.52442e-12
    4.39687e-12
    4.27291e-12
    4.15245e-12
    4.03539e-12
    3.92162e-12
    3.81107e-12
    3.70363e-12
    3.59922e-12
    3.49775e-12
    3.39914e-12
    3.30332e-12
    3.21019e-12
    3.11969e-12
    3.03174e-12
    2.94627e-12
    2.86321e-12
    2.78249e-12
    2.70405e-12
    2.62782e-12
    2.55374e-12
    2.48174e-12
    2.41178e-12
    2.34379e-12
    2.27771e-12
     2.2135e-12
     2.1511e-12
    2.09045e-12
    2.03152e-12
    1.97425e-12
    1.91859e-12
     1.8645e-12
    1.81194e-12
    1.76086e-12
    1.71122e-12
    1.66298e-12
    1.61609e-12
    1.57053e-12
    1.52626e-12
    1.48323e-12
    1.44142e-12
    1.40078e-12
    1.36129e-12
    1.32291e-12
    1.28562e-12
    1.24937e-12
    1.21415e-12
    1.17992e-12
    1.14666e-12
    1.11433e-12
    1.08292e-12
    1.05239e-12
    1.02272e-12
    9.93889e-13
    9.65869e-13
     9.3864e-13
    9.12178e-13
    8.86463e-13
    8.61472e-13
    8.37186e-13
    8.13584e-13
    7.90648e-13
    7.68358e-13
    7.46697e-13
    7.25646e-13
    7.05189e-13
    6.85309e-13
    6.65989e-13
    6.47214e-13
    6.28968e-13
    6.11236e-13
    5.94004e-13
    5.77258e-13
    5.60985e-13
     5.4517e-13
      5.298e-13
    5.14865e-13
     5.0035e-13
    4.86244e-13
    4.72536e-13
    4.59215e-13
    4.46269e-13
    4.33688e-13
    4.21461e-13
     4.0958e-13
    3.98033e-13
    3.86812e-13
    3.75907e-13
    3.65309e-13
    3.55011e-13
    3.45002e-13
    3.35276e-13
    3.25824e-13
    3.16639e-13
    3.07712e-13
    2.99037e-13
    2.90607e-13
    2.82414e-13
    2.74453e-13
    2.66715e-13
    2.59196e-13
    2.51889e-13
    2.44788e-13
    2.37887e-13
    2.31181e-13
    2.24663e-13
     2.1833e-13
    2.12175e-13
    2.06193e-13
     2.0038e-13
    1.94731e-13
    1.89241e-13
    1.83906e-13
    1.78722e-13
    1.73683e-13
    1.68787e-13
    1.64029e-13
    1.59404e-13
     1.5491e-13
    1.50543e-13
    1.46299e-13
    1.42175e-13
    1.38167e-13
    1.34272e-13
    1.30486e-13
    1.26808e-13
    1.23233e-13
    1.19759e-13
    1.16382e-13
    1.13101e-13
    1.09913e-13
    1.06814e-13
    1.03803e-13
    1.00877e-13
    9.80328e-14
    9.52691e-14
    9.25833e-14
    8.99732e-14
    8.74367e-14
    8.49718e-14
    8.25763e-14
    8.02483e-14
     7.7986e-14
    7.57874e-14
    7.36509e-14
    7.15745e-14
    6.95567e-14
    6.75958e-14
    6.56902e-14
    6.38383e-14
    6.20386e-14
    6.02896e-14
      5.859e-14
    5.69382e-14
     5.5333e-14
    5.37731e-14
    5.22572e-14
     5.0784e-14
    4.93523e-14
     4.7961e-14
    4.66089e-14
    4.52949e-14
     4.4018e-14
     4.2777e-14
    4.15711e-14
    4.03991e-14
    3.92602e-14
    3.81534e-14
    3.70778e-14
    3.60325e-14
    3.50167e-14
    3.40295e-14
    3.30702e-14
    3.21379e-14
    3.12319e-14
    3.03514e-14
    2.94957e-14
    2.86642e-14
    2.78561e-14
    2.70708e-14
    2.63076e-14
     2.5566e-14
    2.48452e-14
    2.41448e-14
    2.34641e-14
    2.28026e-14
    2.21598e-14
    2.15351e-14
     2.0928e-14
     2.0338e-14
    1.97646e-14
    1.92074e-14
    1.86659e-14
    1.81397e-14
    1.76283e-14
    1.71314e-14
    1.66484e-14
     1.6179e-14
    1.57229e-14
    1.52797e-14
    1.48489e-14
    1.44303e-14
    1.40235e-14
    1.36282e-14
     1.3244e-14
    1.28706e-14
    1.25077e-14
    1.21551e-14
    1.18125e-14
    1.14794e-14
    1.11558e-14
    1.08413e-14
    1.05357e-14
    1.02387e-14
    9.95003e-15
