              0
              0
              0
              0
              0
              0
              0
              0
              0
              0
     0.00114231
     0.00137939
     0.00377177
     0.00501792
     0.00386897
     0.00450851
     0.00565337
     0.00389591
     0.00442142
     0.00374936
     0.00484348
     0.00303845
     0.00382698
     0.00388899
     0.00475907
     0.00473699
     0.00498341
     0.00540782
     0.00433732
     0.00464128
     0.00466739
     0.00419592
     0.00396422
     0.00391176
     0.00408697
     0.00379858
     0.00448775
     0.00442763
     0.00453744
     0.00399516
     0.00486665
     0.00494504
       0.004053
     0.00452318
     0.00405181
     0.00410345
      0.0040445
     0.00359938
     0.00376854
     0.00355193
       0.003869
     0.00376674
     0.00348964
     0.00344199
     0.00349166
      0.0032918
     0.00312883
     0.00320066
     0.00321406
     0.00306038
       0.003101
     0.00296136
     0.00317863
     0.00299311
     0.00280137
     0.00282276
     0.00256918
     0.00257059
     0.00248897
     0.00253176
     0.00238832
     0.00253871
     0.00239449
     0.00228251
     0.00224341
     0.00221785
     0.00217306
     0.00206277
     0.00206586
     0.00195372
     0.00194935
     0.00188882
      0.0018523
      0.0018088
     0.00179394
     0.00172469
     0.00169273
     0.00162789
     0.00166779
      0.0015963
      0.0015396
     0.00148177
      0.0014356
      0.0014188
     0.00137236
     0.00135006
     0.00133813
     0.00127563
     0.00125957
      0.0012008
     0.00120501
     0.00117164
      0.0011364
     0.00110339
     0.00106001
     0.00103906
     0.00101407
    0.000977134
    0.000979728
    0.000971417
    0.000939019
    0.000899217
    0.000879616
    0.000850603
    0.000829441
     0.00080701
    0.000778234
     0.00075467
     0.00073507
    0.000733839
    0.000728838
    0.000689416
    0.000676785
    0.000649226
    0.000636066
    0.000620428
    0.000611869
    0.000590687
    0.000572102
    0.000550646
    0.000538051
    0.000532477
    0.000521305
    0.000498313
     0.00048479
    0.000467568
     0.00045635
    0.000447636
    0.000438727
    0.000425193
    0.000413407
     0.00039983
    0.000390928
    0.000382706
    0.000377699
    0.000360912
    0.000349043
    0.000339918
    0.000328794
     0.00032124
    0.000313921
    0.000306497
    0.000296924
    0.000289232
    0.000281796
    0.000275479
     0.00026866
    0.000258606
    0.000252172
    0.000243444
    0.000237896
    0.000231901
    0.000225089
    0.000220015
    0.000213937
    0.000207263
    0.000203151
    0.000198414
    0.000191197
    0.000185072
    0.000180243
    0.000174995
    0.000170394
    0.000165999
    0.000161217
    0.000156532
    0.000153243
    0.000148743
    0.000145378
     0.00014232
    0.000136863
    0.000132853
    0.000129627
    0.000125357
    0.000122002
    0.000118535
    0.000115339
    0.000112236
    0.000109248
    0.000106204
    0.000103965
    0.000101617
     9.7932e-05
    9.49733e-05
    9.30142e-05
    9.01572e-05
    8.71811e-05
    8.52648e-05
    8.24914e-05
    8.04265e-05
    7.82152e-05
    7.61591e-05
    7.44719e-05
    7.23342e-05
    6.98586e-05
    6.78629e-05
    6.61938e-05
    6.42615e-05
    6.24301e-05
    6.06235e-05
    5.89267e-05
    5.73229e-05
    5.56523e-05
    5.45253e-05
    5.30084e-05
    5.12983e-05
    4.98023e-05
    4.83986e-05
    4.71756e-05
    4.57603e-05
      4.445e-05
    4.32438e-05
     4.2081e-05
    4.08636e-05
     3.9675e-05
    3.88498e-05
     3.7757e-05
    3.65737e-05
    3.55135e-05
    3.45304e-05
    3.36079e-05
    3.25779e-05
    3.16714e-05
    3.07859e-05
    2.99762e-05
    2.90688e-05
    2.83036e-05
    2.76331e-05
    2.68829e-05
    2.60431e-05
    2.53055e-05
    2.45662e-05
    2.38981e-05
    2.32012e-05
    2.25291e-05
    2.19059e-05
    2.13359e-05
    2.07081e-05
    2.01399e-05
    1.96777e-05
      1.913e-05
    1.85265e-05
    1.80076e-05
    1.74837e-05
    1.70084e-05
    1.65375e-05
    1.60523e-05
    1.55903e-05
    1.51876e-05
    1.47377e-05
    1.43993e-05
    1.39987e-05
    1.35534e-05
    1.31623e-05
    1.28143e-05
    1.24579e-05
    1.21132e-05
    1.17602e-05
    1.14255e-05
    1.11262e-05
    1.08033e-05
    1.04914e-05
    1.02606e-05
    9.95416e-06
    9.63636e-06
    9.36162e-06
    9.11786e-06
    8.86274e-06
    8.61646e-06
    8.35936e-06
    8.12872e-06
    7.90004e-06
     7.6749e-06
    7.46595e-06
    7.28356e-06
     7.0816e-06
    6.85138e-06
    6.65915e-06
    6.47649e-06
    6.29846e-06
     6.1296e-06
    5.94725e-06
    5.77835e-06
    5.61665e-06
    5.45735e-06
    5.30611e-06
    5.17718e-06
    5.03411e-06
    4.87275e-06
    4.73357e-06
    4.60353e-06
    4.47612e-06
    4.35576e-06
    4.22713e-06
    4.10686e-06
    3.99316e-06
    3.87935e-06
    3.77212e-06
    3.67919e-06
    3.57861e-06
    3.46364e-06
    3.36578e-06
    3.27182e-06
    3.18354e-06
    3.09639e-06
    3.00371e-06
    2.92049e-06
    2.83827e-06
    2.75821e-06
    2.69149e-06
    2.61552e-06
    2.53305e-06
    2.46076e-06
    2.39239e-06
     2.3268e-06
    2.26081e-06
     2.1974e-06
    2.13513e-06
    2.07589e-06
    2.01632e-06
     1.9599e-06
    1.91158e-06
    1.85888e-06
    1.79965e-06
     1.7482e-06
    1.69918e-06
    1.65371e-06
    1.60705e-06
    1.56069e-06
    1.51676e-06
    1.47472e-06
    1.43281e-06
    1.39235e-06
    1.35788e-06
    1.32018e-06
    1.27871e-06
    1.24284e-06
    1.20776e-06
    1.17507e-06
    1.14152e-06
    1.10877e-06
    1.07765e-06
    1.04773e-06
    1.01791e-06
    9.89215e-07
    9.64656e-07
      9.377e-07
     9.0832e-07
    8.82445e-07
    8.58026e-07
    8.34534e-07
    8.10912e-07
     7.8748e-07
     7.6544e-07
    7.44127e-07
    7.22983e-07
    7.05127e-07
    6.85192e-07
    6.64059e-07
    6.45103e-07
    6.26946e-07
    6.09793e-07
    5.92736e-07
    5.75636e-07
    5.59413e-07
    5.43819e-07
    5.28399e-07
    5.13599e-07
    5.00617e-07
    4.86648e-07
    4.71565e-07
    4.58104e-07
    4.45425e-07
    4.33064e-07
    4.20808e-07
    4.08828e-07
    3.97296e-07
     3.8623e-07
    3.75284e-07
    3.64778e-07
    3.55471e-07
    3.45541e-07
    3.34855e-07
    3.25371e-07
    3.16304e-07
    3.07543e-07
    2.98829e-07
    2.90336e-07
    2.82124e-07
    2.74265e-07
    2.66502e-07
    2.59052e-07
    2.52407e-07
    2.45344e-07
      2.378e-07
    2.31052e-07
    2.24547e-07
    2.18406e-07
    2.12243e-07
    2.06173e-07
     2.0035e-07
    1.94758e-07
    1.89237e-07
    1.84417e-07
     1.7922e-07
     1.7377e-07
    1.68825e-07
    1.64088e-07
    1.59542e-07
    1.55086e-07
    1.50668e-07
    1.46435e-07
    1.42304e-07
    1.38302e-07
    1.34395e-07
    1.30924e-07
    1.27257e-07
    1.23377e-07
    1.19868e-07
    1.16513e-07
    1.13294e-07
    1.10115e-07
    1.06961e-07
    1.03968e-07
    1.01045e-07
    9.81925e-08
    9.54343e-08
    9.29537e-08
    9.03482e-08
     8.7601e-08
    8.51079e-08
     8.2727e-08
    8.04369e-08
    7.81748e-08
    7.59391e-08
     7.3815e-08
    7.17404e-08
    6.97109e-08
    6.77521e-08
    6.59888e-08
    6.41377e-08
    6.21949e-08
    6.04255e-08
    5.87318e-08
    5.71102e-08
    5.55008e-08
    5.39131e-08
    5.24016e-08
    5.09321e-08
    4.94907e-08
    4.82027e-08
    4.68445e-08
      4.544e-08
    4.41473e-08
    4.29065e-08
    4.17145e-08
    4.05441e-08
    3.93881e-08
    3.82781e-08
    3.72078e-08
    3.61522e-08
    3.51378e-08
    3.42142e-08
    3.32558e-08
    3.22554e-08
    3.13392e-08
    3.04591e-08
    2.96135e-08
    2.87813e-08
     2.7963e-08
     2.7175e-08
    2.64133e-08
    2.56655e-08
    2.49444e-08
     2.4287e-08
    2.36059e-08
    2.28978e-08
    2.22474e-08
     2.1623e-08
    2.10222e-08
    2.04302e-08
    1.98484e-08
    1.92904e-08
    1.87501e-08
    1.82195e-08
    1.77075e-08
    1.72394e-08
    1.67556e-08
    1.62544e-08
    1.57928e-08
    1.53495e-08
    1.49226e-08
    1.45024e-08
    1.40895e-08
    1.36934e-08
    1.33098e-08
    1.29332e-08
    1.25697e-08
    1.22365e-08
    1.18931e-08
    1.15382e-08
    1.12106e-08
    1.08959e-08
    1.05926e-08
    1.02944e-08
    1.00014e-08
    9.72016e-09
    9.44782e-09
    9.18055e-09
    8.93738e-09
    8.68535e-09
    8.42842e-09
    8.18906e-09
    7.95881e-09
    7.73687e-09
    7.51892e-09
     7.3053e-09
    7.09979e-09
    6.90057e-09
    6.70543e-09
    6.51705e-09
    6.34306e-09
    6.16502e-09
    5.98216e-09
    5.81248e-09
    5.64915e-09
    5.49171e-09
    5.33704e-09
    5.18535e-09
    5.03945e-09
    4.89818e-09
    4.75965e-09
    4.62584e-09
    4.50208e-09
    4.37565e-09
    4.24611e-09
     4.1257e-09
    4.00979e-09
    3.89799e-09
    3.78821e-09
    3.68055e-09
    3.57701e-09
     3.4767e-09
     3.3784e-09
    3.28339e-09
    3.19536e-09
     3.1056e-09
    3.01385e-09
     2.9284e-09
    2.84611e-09
    2.76672e-09
     2.6888e-09
    2.61241e-09
    2.53891e-09
     2.4677e-09
    2.39793e-09
    2.33368e-09
    2.26787e-09
    2.20136e-09
    2.13892e-09
    2.07875e-09
    2.02067e-09
    1.96374e-09
    1.90802e-09
    1.85433e-09
    1.80225e-09
    1.75132e-09
    1.70208e-09
    1.65618e-09
    1.60966e-09
    1.56234e-09
    1.51808e-09
    1.47539e-09
    1.43419e-09
    1.39379e-09
    1.35423e-09
    1.31611e-09
    1.27918e-09
    1.24303e-09
    1.20806e-09
    1.17543e-09
    1.14239e-09
    1.10887e-09
    1.07745e-09
    1.04717e-09
    1.01791e-09
    9.89236e-10
    9.61164e-10
    9.34115e-10
    9.07893e-10
    8.82237e-10
    8.57416e-10
    8.33211e-10
    8.09763e-10
    7.86889e-10
    7.64674e-10
    7.43103e-10
    7.22158e-10
    7.01807e-10
    6.82017e-10
    6.62787e-10
    6.44113e-10
    6.25964e-10
    6.08317e-10
    5.91172e-10
    5.74504e-10
    5.58305e-10
    5.42561e-10
    5.27265e-10
    5.12402e-10
    4.97958e-10
    4.83918e-10
    4.70278e-10
     4.5702e-10
    4.44137e-10
    4.31616e-10
    4.19448e-10
    4.07623e-10
    3.96132e-10
    3.84964e-10
    3.74111e-10
    3.63564e-10
    3.53314e-10
    3.43354e-10
    3.33674e-10
    3.24267e-10
    3.15126e-10
    3.06242e-10
    2.97608e-10
    2.89218e-10
    2.81065e-10
    2.73141e-10
    2.65441e-10
    2.57958e-10
    2.50685e-10
    2.43618e-10
     2.3675e-10
    2.30076e-10
     2.2359e-10
    2.17286e-10
    2.11161e-10
    2.05208e-10
    1.99423e-10
    1.93801e-10
    1.88337e-10
    1.83028e-10
    1.77868e-10
    1.72853e-10
     1.6798e-10
    1.63245e-10
    1.58643e-10
     1.5417e-10
    1.49824e-10
      1.456e-10
    1.41495e-10
    1.37506e-10
     1.3363e-10
    1.29863e-10
    1.26202e-10
    1.22644e-10
    1.19186e-10
    1.15826e-10
    1.12561e-10
    1.09388e-10
    1.06304e-10
    1.03307e-10
    1.00395e-10
    9.75643e-11
    9.48138e-11
    9.21409e-11
    8.95433e-11
    8.70189e-11
    8.45657e-11
    8.21817e-11
    7.98648e-11
    7.76133e-11
    7.54253e-11
    7.32989e-11
    7.12325e-11
    6.92243e-11
    6.72728e-11
    6.53763e-11
    6.35332e-11
    6.17421e-11
    6.00015e-11
      5.831e-11
    5.66661e-11
    5.50686e-11
    5.35161e-11
    5.20074e-11
    5.05413e-11
    4.91164e-11
    4.77318e-11
    4.63861e-11
    4.50784e-11
    4.38076e-11
    4.25726e-11
    4.13724e-11
     4.0206e-11
    3.90726e-11
    3.79711e-11
    3.69006e-11
    3.58603e-11
    3.48494e-11
    3.38669e-11
    3.29121e-11
    3.19843e-11
    3.10826e-11
    3.02063e-11
    2.93548e-11
    2.85272e-11
     2.7723e-11
    2.69414e-11
    2.61819e-11
    2.54438e-11
    2.47265e-11
    2.40294e-11
     2.3352e-11
    2.26937e-11
    2.20539e-11
    2.14322e-11
     2.0828e-11
    2.02408e-11
    1.96702e-11
    1.91156e-11
    1.85767e-11
     1.8053e-11
    1.75441e-11
    1.70495e-11
    1.65688e-11
    1.61017e-11
    1.56478e-11
    1.52067e-11
     1.4778e-11
    1.43613e-11
    1.39565e-11
     1.3563e-11
    1.31807e-11
    1.28091e-11
     1.2448e-11
     1.2097e-11
     1.1756e-11
    1.14246e-11
    1.11025e-11
    1.07895e-11
    1.04853e-11
    1.01897e-11
    9.90248e-12
    9.62331e-12
    9.35201e-12
    9.08836e-12
    8.83215e-12
    8.58316e-12
    8.34118e-12
    8.10603e-12
    7.87751e-12
    7.65543e-12
    7.43961e-12
    7.22988e-12
    7.02606e-12
    6.82798e-12
    6.63549e-12
    6.44843e-12
    6.26663e-12
    6.08997e-12
    5.91828e-12
    5.75144e-12
    5.58929e-12
    5.43172e-12
    5.27859e-12
    5.12978e-12
    4.98517e-12
    4.84463e-12
    4.70805e-12
    4.57532e-12
    4.44634e-12
    4.32099e-12
    4.19917e-12
    4.08079e-12
    3.96575e-12
    3.85395e-12
     3.7453e-12
    3.63971e-12
     3.5371e-12
    3.43739e-12
    3.34048e-12
    3.24631e-12
    3.15479e-12
    3.06585e-12
    2.97942e-12
    2.89542e-12
     2.8138e-12
    2.73447e-12
    2.65738e-12
    2.58247e-12
    2.50966e-12
    2.43891e-12
    2.37016e-12
    2.30334e-12
     2.2384e-12
     2.1753e-12
    2.11397e-12
    2.05438e-12
    1.99646e-12
    1.94018e-12
    1.88548e-12
    1.83233e-12
    1.78067e-12
    1.73047e-12
    1.68169e-12
    1.63428e-12
     1.5882e-12
    1.54343e-12
    1.49992e-12
    1.45763e-12
    1.41654e-12
    1.37661e-12
     1.3378e-12
    1.30008e-12
    1.26343e-12
    1.22781e-12
     1.1932e-12
    1.15956e-12
    1.12687e-12
     1.0951e-12
    1.06423e-12
    1.03423e-12
    1.00507e-12
    9.76736e-13
    9.49201e-13
    9.22441e-13
    8.96436e-13
    8.71164e-13
    8.46605e-13
    8.22737e-13
    7.99543e-13
    7.77003e-13
    7.55098e-13
     7.3381e-13
    7.13123e-13
    6.93019e-13
    6.73482e-13
    6.54495e-13
    6.36044e-13
    6.18113e-13
    6.00687e-13
    5.83753e-13
    5.67296e-13
    5.51303e-13
    5.35761e-13
    5.20657e-13
    5.05979e-13
    4.91715e-13
    4.77852e-13
    4.64381e-13
    4.51289e-13
    4.38567e-13
    4.26203e-13
    4.14188e-13
    4.02511e-13
    3.91164e-13
    3.80136e-13
    3.69419e-13
    3.59005e-13
    3.48884e-13
    3.39048e-13
     3.2949e-13
    3.20201e-13
    3.11174e-13
    3.02402e-13
    2.93877e-13
    2.85592e-13
    2.77541e-13
    2.69716e-13
    2.62112e-13
    2.54723e-13
    2.47542e-13
    2.40563e-13
    2.33782e-13
    2.27191e-13
    2.20786e-13
    2.14562e-13
    2.08513e-13
    2.02635e-13
    1.96922e-13
     1.9137e-13
    1.85975e-13
    1.80733e-13
    1.75637e-13
    1.70686e-13
    1.65874e-13
    1.61198e-13
    1.56653e-13
    1.52237e-13
    1.47945e-13
    1.43774e-13
    1.39721e-13
    1.35782e-13
    1.31954e-13
    1.28234e-13
    1.24619e-13
    1.21106e-13
    1.17692e-13
    1.14374e-13
     1.1115e-13
    1.08016e-13
    1.04971e-13
    1.02012e-13
    9.91357e-14
    9.63409e-14
    9.36249e-14
    9.09855e-14
    8.84205e-14
    8.59278e-14
    8.35053e-14
    8.11512e-14
    7.88634e-14
    7.66401e-14
    7.44795e-14
    7.23798e-14
    7.03393e-14
    6.83563e-14
    6.64293e-14
    6.45565e-14
    6.27366e-14
    6.09679e-14
    5.92491e-14
    5.75788e-14
    5.59556e-14
    5.43781e-14
    5.28451e-14
    5.13553e-14
    4.99075e-14
    4.85006e-14
    4.71332e-14
    4.58045e-14
    4.45132e-14
    4.32583e-14
    4.20388e-14
    4.08536e-14
    3.97019e-14
    3.85826e-14
    3.74949e-14
    3.64379e-14
    3.54107e-14
    3.44124e-14
    3.34422e-14
    3.24994e-14
    3.15832e-14
    3.06929e-14
    2.98276e-14
    2.89867e-14
    2.81695e-14
    2.73754e-14
    2.66036e-14
    2.58536e-14
    2.51248e-14
    2.44165e-14
    2.37281e-14
    2.30592e-14
    2.24091e-14
    2.17774e-14
    2.11634e-14
    2.05668e-14
     1.9987e-14
    1.94235e-14
    1.88759e-14
    1.83438e-14
    1.78267e-14
    1.73241e-14
    1.68357e-14
    1.63611e-14
    1.58998e-14
    1.54516e-14
     1.5016e-14
    1.45927e-14
    1.41813e-14
    1.37815e-14
     1.3393e-14
    1.30154e-14
    1.26485e-14
    1.22919e-14
    1.19454e-14
    1.16086e-14
    1.12813e-14
    1.09633e-14
    1.06542e-14
    1.03539e-14
     1.0062e-14
    9.77831e-15
