              0
              0
              0
              0
              0
              0
              0
              0
    0.000203829
     0.00146044
     0.00105674
       0.699689
       0.502226
     0.00368688
     0.00276818
     0.00456003
     0.00537147
      0.0726494
     0.00444197
       0.003643
     0.00424215
      0.0722173
     0.00374811
     0.00399007
       0.253796
      0.0722833
       0.164565
       0.143403
     0.00508183
      0.0365526
      0.0360083
      0.0820758
      0.0966763
     0.00424496
      0.0819272
     0.00428191
       0.131197
       0.144796
      0.0258171
      0.0572152
     0.00443466
      0.0671594
      0.0682113
      0.0466924
      0.0399472
      0.0252325
      0.0855506
      0.0182699
     0.00381861
     0.00372509
     0.00373762
     0.00371506
      0.0608591
     0.00355539
      0.0330617
      0.0344739
     0.00330055
       0.013106
     0.00311803
      0.0176358
     0.00304967
      0.0361492
     0.00752065
     0.00291862
     0.00962966
     0.00955075
     0.00275491
      0.0171545
      0.0237601
      0.0138379
      0.0159211
     0.00913888
      0.0023817
     0.00904755
      0.0130581
     0.00681959
     0.00220693
     0.00670719
      0.0205223
      0.0129649
     0.00819547
     0.00193723
     0.00646224
     0.00185336
     0.00490122
     0.00848055
     0.00594618
     0.00623078
     0.00473874
      0.0016127
     0.00677597
     0.00152553
     0.00458635
      0.0060104
     0.00352001
     0.00281571
     0.00345322
     0.00229398
     0.00271886
     0.00434319
     0.00188178
     0.00406468
     0.00115504
     0.00178951
     0.00110303
     0.00270708
     0.00149756
     0.00213512
    0.000993386
     0.00163509
     0.00139242
     0.00092263
      0.0020107
     0.00132512
    0.000851914
    0.000825414
    0.000803481
      0.0012324
     0.00106898
     0.00150327
    0.000931505
    0.000704455
    0.000687409
     0.00185236
    0.000957079
      0.0019092
     0.00106476
    0.000905473
     0.00343511
     0.00144028
     0.00116565
     0.00135944
     0.00124825
     0.00322893
     0.00122161
     0.00206629
     0.00120481
    0.000456832
     0.00110825
    0.000433984
     0.00108076
     0.00102193
    0.000399858
    0.000388407
    0.000586758
    0.000456716
    0.000359605
    0.000349195
    0.000448748
    0.000471909
    0.000320871
    0.000312222
    0.000511979
    0.000296181
    0.000654872
    0.000279403
    0.000338531
    0.000295102
    0.000257794
    0.000250854
    0.000243394
     0.00023733
    0.000295308
    0.000350557
    0.000314698
    0.000322157
    0.000473547
    0.000214872
    0.000225753
    0.000241284
    0.000205211
    0.000356185
     0.00017463
    0.000190474
    0.000204979
    0.000271004
    0.000156297
    0.000196824
     0.00014782
    0.000143795
    0.000140122
    0.000136173
    0.000183241
    0.000158918
    0.000139119
    0.000121488
    0.000118203
    0.000134007
    0.000132349
    0.000127854
    0.000140343
    0.000123412
    0.000106465
    0.000114364
    0.000145422
    0.000142717
    9.88534e-05
    0.000121281
    9.31986e-05
    8.19954e-05
    7.97816e-05
      7.769e-05
    8.18378e-05
    8.29084e-05
    7.13275e-05
    7.37214e-05
    6.74048e-05
    0.000102217
    7.90083e-05
    6.48294e-05
    7.61416e-05
    7.90232e-05
    6.33267e-05
    5.62515e-05
     5.5182e-05
    5.42694e-05
     5.6358e-05
    5.03545e-05
     4.8965e-05
    4.66822e-05
    4.67869e-05
    4.85294e-05
    4.28703e-05
    4.17079e-05
    4.35387e-05
     4.2377e-05
    4.03603e-05
    3.72557e-05
    3.92146e-05
    3.61247e-05
    3.51572e-05
    3.32413e-05
    3.23006e-05
    3.18396e-05
    3.30002e-05
    5.03184e-05
    3.22777e-05
    3.38493e-05
    3.22961e-05
    3.35935e-05
     2.5786e-05
    2.64097e-05
    3.48189e-05
    3.75672e-05
    4.14381e-05
    2.39347e-05
    2.35993e-05
    3.57842e-05
    2.49501e-05
    2.71482e-05
    1.99419e-05
    2.58073e-05
     2.0222e-05
    2.20824e-05
    2.34064e-05
    1.81054e-05
    1.93598e-05
    2.70234e-05
    1.54575e-05
    2.83293e-05
    1.47405e-05
    1.54788e-05
    2.33241e-05
    1.52344e-05
    1.34389e-05
     1.2869e-05
    1.37777e-05
    1.23709e-05
    1.81147e-05
    1.13725e-05
     1.1283e-05
    1.09572e-05
     1.0383e-05
    1.01942e-05
    1.29391e-05
    9.62062e-06
    9.26216e-06
    9.00907e-06
    8.75386e-06
    8.80518e-06
    8.26835e-06
    8.03623e-06
    7.81663e-06
    7.63423e-06
    7.67632e-06
    7.17565e-06
    7.06273e-06
    6.86801e-06
    6.67847e-06
    6.40513e-06
    6.22139e-06
    6.07908e-06
     6.6101e-06
    5.72516e-06
    5.55214e-06
    5.53398e-06
    5.24432e-06
    5.09958e-06
    5.01659e-06
    4.93925e-06
    4.68852e-06
    4.54961e-06
    4.64979e-06
    4.31523e-06
    4.26707e-06
    4.10735e-06
    3.94554e-06
    3.97746e-06
    3.74537e-06
    3.66514e-06
    3.73004e-06
    3.51574e-06
    3.40335e-06
    3.23135e-06
    3.13995e-06
    3.05133e-06
    2.96532e-06
    3.17797e-06
    2.92496e-06
    2.80024e-06
    2.70183e-06
    2.99463e-06
    2.51409e-06
    2.43864e-06
    2.36712e-06
    2.32813e-06
    2.23296e-06
    2.16715e-06
    2.12176e-06
    2.05038e-06
    2.13271e-06
    1.93376e-06
     1.8799e-06
    1.83278e-06
    1.78683e-06
     1.7833e-06
     1.6768e-06
    1.63564e-06
    1.58376e-06
    1.53899e-06
    1.49573e-06
    1.45393e-06
    1.41329e-06
    1.39305e-06
    1.33586e-06
     1.3002e-06
    1.26091e-06
    1.22565e-06
    1.19032e-06
    1.17886e-06
    1.12451e-06
    1.10374e-06
    1.06203e-06
    1.03477e-06
    1.01661e-06
    1.00464e-06
    9.50716e-07
    9.90318e-07
    9.03066e-07
    8.70467e-07
    8.74526e-07
    8.22626e-07
    7.98275e-07
    7.95642e-07
    7.54212e-07
    7.32848e-07
    7.81774e-07
    6.95439e-07
    6.75596e-07
    6.54613e-07
    6.67615e-07
     6.9002e-07
    6.07187e-07
    5.83145e-07
    5.70855e-07
     5.8099e-07
    5.38421e-07
    5.21469e-07
    5.11847e-07
    4.92848e-07
    4.97395e-07
    4.65606e-07
    4.51886e-07
    4.38302e-07
    4.25901e-07
    4.14857e-07
    4.02267e-07
    3.92789e-07
     3.9356e-07
    3.70275e-07
    3.60831e-07
    3.53211e-07
    3.38888e-07
    3.37718e-07
    3.20181e-07
    3.11096e-07
    3.02333e-07
    2.93817e-07
    2.85538e-07
    2.77517e-07
    2.69845e-07
    2.62109e-07
    2.54735e-07
    2.47618e-07
    2.40561e-07
    2.34804e-07
    2.27232e-07
    2.21756e-07
    2.14587e-07
    2.08561e-07
    2.02679e-07
    1.97029e-07
    1.92813e-07
    1.86038e-07
      1.809e-07
    1.75706e-07
    1.75033e-07
    1.65974e-07
    1.63253e-07
    1.56743e-07
    1.52317e-07
    1.48015e-07
    1.44486e-07
    1.39856e-07
    1.35872e-07
     1.5197e-07
    1.28364e-07
    1.24715e-07
    1.24125e-07
    1.17793e-07
    1.14476e-07
    1.11247e-07
    1.08728e-07
    1.14273e-07
    1.02108e-07
    9.92434e-08
    9.64575e-08
    1.07264e-07
    9.11186e-08
     8.8516e-08
    8.60236e-08
    8.35971e-08
    8.12414e-08
    7.89583e-08
    7.67251e-08
    7.45622e-08
    7.24634e-08
    7.04482e-08
    6.84382e-08
    6.78512e-08
    6.46505e-08
    6.28146e-08
    6.10705e-08
    5.93262e-08
    5.76558e-08
    5.60353e-08
    5.44494e-08
    5.29172e-08
    5.14378e-08
    4.99907e-08
    4.85715e-08
    4.72217e-08
    4.58746e-08
    4.45851e-08
    4.33238e-08
    4.21049e-08
    4.09176e-08
    3.97657e-08
    3.86404e-08
    3.75547e-08
    3.65081e-08
    3.54688e-08
    3.44676e-08
    3.35055e-08
    3.25539e-08
    3.16432e-08
    3.07457e-08
     2.9879e-08
    3.05685e-08
    2.82179e-08
    2.74226e-08
    2.66508e-08
    2.59029e-08
    2.51748e-08
    2.44597e-08
    2.37791e-08
    2.31018e-08
    2.24515e-08
    2.18189e-08
    2.12029e-08
    2.06057e-08
    2.00245e-08
     1.9459e-08
    2.07336e-08
    1.83842e-08
     1.7861e-08
     1.7357e-08
    1.68719e-08
    1.63927e-08
    1.68454e-08
     1.5483e-08
     1.5046e-08
    1.46224e-08
    1.42094e-08
    1.38088e-08
    1.34201e-08
    1.30438e-08
    1.26768e-08
    1.29365e-08
    1.19742e-08
    1.16331e-08
    1.13056e-08
    1.09871e-08
    1.06769e-08
    1.03763e-08
    1.00832e-08
    9.79893e-09
    9.52567e-09
    9.25451e-09
    8.99388e-09
    8.74169e-09
     8.4939e-09
    8.25631e-09
    8.02216e-09
      7.796e-09
    7.57625e-09
    7.36258e-09
    7.15496e-09
    6.95363e-09
    6.75819e-09
    6.56818e-09
    6.38192e-09
    6.20372e-09
    6.02724e-09
    5.85772e-09
     5.6922e-09
    5.53179e-09
    5.37591e-09
    5.22434e-09
    5.07694e-09
    4.93402e-09
    4.79606e-09
    4.65993e-09
     4.5284e-09
    4.40147e-09
    4.27675e-09
    4.15696e-09
    4.03897e-09
    3.92531e-09
    3.81458e-09
    3.70707e-09
    3.60252e-09
    3.50113e-09
    3.40274e-09
    3.30703e-09
    3.21329e-09
     3.1235e-09
    3.03469e-09
    2.94932e-09
      2.866e-09
    2.78523e-09
    2.70675e-09
    2.63044e-09
    2.55623e-09
    2.48484e-09
    2.41422e-09
    2.34623e-09
    2.28033e-09
    2.21578e-09
    2.15369e-09
    2.09264e-09
    2.03368e-09
    1.97633e-09
    1.92062e-09
    1.86647e-09
    1.81393e-09
    1.76292e-09
    1.71333e-09
     1.6648e-09
    1.61823e-09
    1.57227e-09
    1.52802e-09
    1.48486e-09
    1.44302e-09
    1.40235e-09
    1.36281e-09
    1.32437e-09
    1.28708e-09
    1.25104e-09
    1.21557e-09
    1.18127e-09
    1.14812e-09
    1.11562e-09
    1.08434e-09
     1.0536e-09
    1.02394e-09
    9.95056e-10
     9.6701e-10
    9.39739e-10
    9.13284e-10
     8.8751e-10
     8.6252e-10
    8.38187e-10
    8.14555e-10
    7.91598e-10
    7.69279e-10
    7.47585e-10
    7.26509e-10
     7.0603e-10
    6.86124e-10
    6.66782e-10
    6.47985e-10
    6.29718e-10
    6.11966e-10
    5.94713e-10
    5.77948e-10
    5.61654e-10
    5.45821e-10
    5.30432e-10
    5.15479e-10
    5.00946e-10
    4.86824e-10
    4.73099e-10
    4.59762e-10
    4.46801e-10
    4.34205e-10
    4.21964e-10
    4.10068e-10
    3.98508e-10
    3.87273e-10
    3.76355e-10
    3.65745e-10
    3.55434e-10
    3.45414e-10
    3.35676e-10
    3.26213e-10
    3.17017e-10
    3.08079e-10
    2.99394e-10
    2.90954e-10
    2.82751e-10
     2.7478e-10
    2.67034e-10
    2.59506e-10
     2.5219e-10
     2.4508e-10
    2.38171e-10
    2.31456e-10
    2.24931e-10
     2.1859e-10
    2.12428e-10
    2.06439e-10
    2.00619e-10
    1.94963e-10
    1.89467e-10
    1.84126e-10
    1.78935e-10
    1.73891e-10
    1.68988e-10
    1.64224e-10
    1.59594e-10
    1.55095e-10
    1.50723e-10
    1.46474e-10
    1.42344e-10
    1.38332e-10
    1.34432e-10
    1.30642e-10
    1.26959e-10
     1.2338e-10
    1.19901e-10
    1.16521e-10
    1.13236e-10
    1.10044e-10
    1.06942e-10
    1.03927e-10
    1.00997e-10
    9.81497e-11
    9.53827e-11
    9.26937e-11
    9.00806e-11
     8.7541e-11
    8.50731e-11
    8.26748e-11
     8.0344e-11
     7.8079e-11
    7.58779e-11
    7.37387e-11
    7.16599e-11
    6.96397e-11
    6.76765e-11
    6.57686e-11
    6.39144e-11
    6.21126e-11
    6.03615e-11
    5.86599e-11
    5.70061e-11
     5.5399e-11
    5.38373e-11
    5.23195e-11
    5.08445e-11
    4.94111e-11
    4.80182e-11
    4.66645e-11
    4.53489e-11
    4.40705e-11
     4.2828e-11
    4.16207e-11
    4.04473e-11
     3.9307e-11
    3.81989e-11
     3.7122e-11
    3.60755e-11
    3.50585e-11
    3.40701e-11
    3.31096e-11
    3.21762e-11
    3.12691e-11
    3.03876e-11
    2.95309e-11
    2.86984e-11
    2.78893e-11
    2.71031e-11
     2.6339e-11
    2.55965e-11
    2.48749e-11
    2.41736e-11
    2.34921e-11
    2.28298e-11
    2.21862e-11
    2.15608e-11
    2.09529e-11
    2.03622e-11
    1.97882e-11
    1.92303e-11
    1.86882e-11
    1.81613e-11
    1.76494e-11
    1.71518e-11
    1.66683e-11
    1.61983e-11
    1.57417e-11
    1.52979e-11
    1.48666e-11
    1.44475e-11
    1.40402e-11
    1.36444e-11
    1.32598e-11
    1.28859e-11
    1.25227e-11
    1.21696e-11
    1.18265e-11
    1.14931e-11
    1.11691e-11
    1.08543e-11
    1.05483e-11
    1.02509e-11
     9.9619e-12
    9.68105e-12
    9.40813e-12
     9.1429e-12
    8.88515e-12
    8.63466e-12
    8.39124e-12
    8.15467e-12
    7.92478e-12
    7.70137e-12
    7.48425e-12
    7.27326e-12
    7.06822e-12
    6.86895e-12
    6.67531e-12
    6.48712e-12
    6.30424e-12
    6.12651e-12
    5.95379e-12
    5.78595e-12
    5.62283e-12
    5.46432e-12
    5.31027e-12
    5.16056e-12
    5.01508e-12
     4.8737e-12
     4.7363e-12
    4.60278e-12
    4.47302e-12
    4.34691e-12
    4.22437e-12
    4.10528e-12
    3.98954e-12
    3.87707e-12
    3.76777e-12
    3.66155e-12
    3.55833e-12
    3.45801e-12
    3.36052e-12
    3.26579e-12
    3.17372e-12
    3.08425e-12
     2.9973e-12
     2.9128e-12
    2.83068e-12
    2.75088e-12
    2.67333e-12
    2.59796e-12
    2.52472e-12
    2.45355e-12
    2.38438e-12
    2.31716e-12
    2.25183e-12
    2.18835e-12
    2.12666e-12
     2.0667e-12
    2.00844e-12
    1.95182e-12
    1.89679e-12
    1.84332e-12
    1.79135e-12
    1.74085e-12
    1.69178e-12
    1.64408e-12
    1.59773e-12
    1.55269e-12
    1.50892e-12
    1.46638e-12
    1.42504e-12
    1.38487e-12
    1.34582e-12
    1.30788e-12
    1.27101e-12
    1.23518e-12
    1.20036e-12
    1.16652e-12
    1.13363e-12
    1.10167e-12
    1.07062e-12
    1.04043e-12
     1.0111e-12
    9.82597e-13
    9.54896e-13
    9.27976e-13
    9.01815e-13
    8.76391e-13
    8.51685e-13
    8.27674e-13
    8.04341e-13
    7.81665e-13
    7.59629e-13
    7.38214e-13
    7.17402e-13
    6.97178e-13
    6.77523e-13
    6.58423e-13
    6.39861e-13
    6.21822e-13
    6.04292e-13
    5.87256e-13
      5.707e-13
    5.54611e-13
    5.38976e-13
    5.23781e-13
    5.09015e-13
    4.94665e-13
     4.8072e-13
    4.67168e-13
    4.53997e-13
    4.41198e-13
     4.2876e-13
    4.16673e-13
    4.04926e-13
    3.93511e-13
    3.82417e-13
    3.71636e-13
    3.61159e-13
    3.50978e-13
    3.41083e-13
    3.31467e-13
    3.22123e-13
    3.13042e-13
    3.04216e-13
     2.9564e-13
    2.87305e-13
    2.79206e-13
    2.71335e-13
    2.63685e-13
    2.56252e-13
    2.49027e-13
    2.42007e-13
    2.35184e-13
    2.28554e-13
    2.22111e-13
    2.15849e-13
    2.09764e-13
    2.03851e-13
    1.98104e-13
    1.92519e-13
    1.87091e-13
    1.81817e-13
    1.76691e-13
     1.7171e-13
    1.66869e-13
    1.62165e-13
    1.57593e-13
    1.53151e-13
    1.48833e-13
    1.44637e-13
     1.4056e-13
    1.36597e-13
    1.32746e-13
    1.29004e-13
    1.25367e-13
    1.21833e-13
    1.18398e-13
     1.1506e-13
    1.11816e-13
    1.08664e-13
    1.05601e-13
    1.02624e-13
    9.97306e-14
     9.6919e-14
    9.41867e-14
    9.15315e-14
     8.8951e-14
    8.64434e-14
    8.40064e-14
    8.16381e-14
    7.93366e-14
       7.71e-14
    7.49264e-14
    7.28141e-14
    7.07614e-14
    6.87665e-14
    6.68279e-14
    6.49439e-14
     6.3113e-14
    6.13338e-14
    5.96047e-14
    5.79243e-14
    5.62913e-14
    5.47044e-14
    5.31622e-14
    5.16635e-14
     5.0207e-14
    4.87916e-14
    4.74161e-14
    4.60793e-14
    4.47803e-14
    4.35179e-14
     4.2291e-14
    4.10988e-14
    3.99401e-14
    3.88142e-14
    3.77199e-14
    3.66565e-14
    3.56231e-14
    3.46189e-14
    3.36429e-14
    3.26945e-14
    3.17728e-14
     3.0877e-14
    3.00066e-14
    2.91606e-14
    2.83385e-14
    2.75396e-14
    2.67632e-14
    2.60087e-14
    2.52755e-14
     2.4563e-14
    2.38705e-14
    2.31975e-14
    2.25436e-14
     2.1908e-14
    2.12904e-14
    2.06902e-14
    2.01069e-14
    1.95401e-14
    1.89892e-14
    1.84539e-14
    1.79336e-14
     1.7428e-14
    1.69367e-14
    1.64592e-14
    1.59952e-14
    1.55443e-14
    1.51061e-14
    1.46802e-14
    1.42664e-14
    1.38642e-14
    1.34733e-14
    1.30935e-14
    1.27244e-14
    1.23656e-14
     1.2017e-14
    1.16783e-14
     1.1349e-14
    1.10291e-14
    1.07182e-14
     1.0416e-14
    1.01223e-14
    9.83698e-15
