              0
              0
              0
              0
              0
              0
              0
              0
    0.000138524
     0.00144065
     0.00107316
     0.00156944
     0.00150049
       0.403094
       0.303111
     0.00284429
     0.00465232
     0.00440644
      0.0725905
      0.0722452
     0.00356558
      0.0725583
       0.139938
     0.00395967
     0.00438521
       0.142759
      0.0045796
       0.263921
      0.0507342
      0.0824837
     0.00477952
     0.00473636
      0.0507284
      0.0986752
      0.0985227
      0.0356898
      0.0471045
       0.139441
      0.0257485
      0.0357525
      0.0571679
      0.0469908
     0.00433037
      0.0568076
      0.0253738
       0.111579
      0.0329263
     0.00384123
       0.018279
      0.0450154
      0.0135605
      0.0379215
       0.037902
       0.044684
      0.0247129
     0.00338741
      0.0277241
      0.0131649
      0.0177158
      0.0295735
     0.00980666
      0.0164291
     0.00969899
     0.00966925
      0.0241214
     0.00284681
     0.00276441
     0.00275327
      0.0103348
      0.0215909
     0.00255114
     0.00244109
      0.0024102
     0.00696192
     0.00230049
     0.00535959
     0.00892703
     0.00214725
      0.0066923
     0.00206235
     0.00201737
     0.00863154
      0.0061325
     0.00709018
     0.00492678
     0.00489059
     0.00629895
     0.00170468
     0.00898705
     0.00826726
     0.00158386
     0.00821669
     0.00150391
     0.00146345
      0.0045237
     0.00839059
     0.00490482
     0.00343969
     0.00370868
      0.0026977
     0.00124354
      0.0028395
     0.00214948
     0.00257687
     0.00306791
     0.00108758
     0.00105442
     0.00103229
     0.00198193
      0.0014327
     0.00140538
    0.000927421
     0.00121907
    0.000879845
     0.00131118
     0.00173865
     0.00202487
    0.000796239
     0.00204603
     0.00141342
     0.00118318
     0.00137378
     0.00159619
    0.000677768
    0.000867716
     0.00064051
     0.00107044
    0.000607325
    0.000798796
      0.0014436
     0.00157368
    0.000544814
    0.000673907
    0.000822236
    0.000502089
     0.00115388
     0.00071546
      0.0006047
    0.000902776
    0.000885303
     0.00118557
    0.000623564
    0.000403449
    0.000537033
    0.000427322
    0.000373681
    0.000458483
    0.000419158
    0.000694085
     0.00103787
    0.000534159
    0.000316258
    0.000644665
    0.000747658
     0.00035668
    0.000283853
    0.000888832
    0.000455236
    0.000305089
    0.000254034
     0.00024698
    0.000392171
    0.000330071
    0.000313546
    0.000220925
    0.000386319
    0.000319274
    0.000472152
    0.000406401
    0.000480915
    0.000425121
     0.00029211
    0.000273297
    0.000216745
    0.000339654
    0.000162829
    0.000158184
    0.000154136
    0.000180207
    0.000190463
    0.000162032
    0.000230519
    0.000134286
    0.000130314
    0.000137507
    0.000123369
    0.000164279
    0.000130713
     0.00013388
    0.000144699
    0.000107279
    0.000155045
    0.000131514
    0.000105071
    0.000119478
    0.000102623
     0.00010001
    0.000108457
    0.000124345
     0.00010365
    8.73591e-05
     7.8622e-05
    7.64641e-05
    7.42483e-05
    7.66539e-05
    7.02693e-05
    6.83641e-05
    7.78887e-05
    6.45739e-05
    8.33434e-05
     6.1951e-05
    7.17938e-05
    7.16561e-05
    6.89942e-05
    5.44914e-05
    5.29576e-05
    7.49919e-05
    8.34314e-05
    4.86602e-05
    6.79251e-05
    7.54188e-05
    4.47707e-05
    6.80214e-05
    5.17937e-05
    4.59098e-05
    5.53402e-05
    3.88263e-05
    4.21278e-05
    3.76086e-05
    3.77383e-05
    3.67171e-05
    3.90238e-05
    3.27418e-05
    5.89224e-05
     3.2033e-05
     3.0069e-05
     2.9681e-05
    2.90816e-05
    2.90312e-05
    2.71413e-05
    2.70562e-05
    3.28349e-05
    2.46611e-05
     3.4455e-05
    2.45713e-05
    2.47168e-05
    2.28874e-05
    2.27867e-05
    2.08135e-05
     2.0675e-05
    2.16754e-05
    2.04663e-05
    1.86707e-05
    1.94476e-05
    2.14916e-05
    1.70547e-05
    1.95452e-05
    2.57584e-05
    1.62983e-05
    1.60671e-05
    1.47996e-05
     1.6524e-05
    1.49158e-05
    1.53739e-05
     1.3222e-05
    1.29736e-05
    1.31167e-05
    1.28351e-05
    1.26257e-05
    1.49245e-05
    1.22128e-05
    1.38268e-05
    1.06577e-05
    1.12104e-05
    9.93852e-06
    9.66064e-06
    9.69319e-06
    9.42503e-06
    9.07406e-06
    8.91599e-06
    8.74979e-06
    8.15493e-06
    7.94493e-06
    8.13025e-06
    8.86613e-06
    7.27164e-06
    7.06629e-06
    7.20546e-06
    7.06717e-06
    6.98908e-06
    6.30639e-06
    6.22248e-06
    6.09235e-06
    5.81062e-06
    5.66861e-06
    5.60822e-06
     5.4081e-06
    5.26028e-06
    5.02073e-06
    5.31512e-06
    4.74424e-06
    4.62455e-06
    4.54353e-06
     4.3688e-06
    4.23147e-06
    4.29498e-06
    4.00723e-06
    3.91392e-06
    3.77805e-06
    3.72804e-06
     3.5662e-06
    3.56961e-06
    3.37202e-06
    3.87768e-06
    3.22088e-06
    3.11538e-06
    3.02059e-06
    2.92782e-06
    3.16621e-06
    2.76069e-06
    2.68289e-06
    2.62663e-06
    2.53352e-06
    2.47925e-06
     2.3932e-06
     2.3352e-06
    2.27384e-06
    2.21217e-06
    2.15627e-06
    2.07488e-06
    2.12991e-06
    1.96059e-06
    2.07155e-06
     1.8574e-06
    1.79935e-06
    1.76489e-06
    1.70503e-06
    1.66181e-06
    1.81518e-06
    1.55988e-06
    1.80145e-06
    1.47345e-06
    1.43234e-06
    1.39221e-06
    1.38335e-06
    1.42749e-06
    1.27756e-06
    1.24494e-06
    1.22659e-06
    1.17268e-06
     1.1518e-06
    1.11572e-06
    1.09997e-06
    1.05973e-06
    1.01804e-06
    9.88378e-07
     9.6109e-07
    9.80482e-07
    9.14631e-07
    8.82925e-07
    8.61466e-07
    8.34584e-07
    8.11082e-07
    7.86456e-07
    7.66116e-07
    7.42974e-07
    7.31254e-07
    7.01458e-07
     6.8384e-07
    6.66896e-07
    6.64987e-07
    6.32123e-07
    6.08095e-07
    6.54476e-07
    5.80689e-07
    5.58568e-07
    5.42566e-07
    5.27247e-07
    5.12519e-07
    4.98011e-07
     4.8394e-07
    4.70364e-07
    4.61608e-07
    4.44187e-07
    4.48808e-07
    4.21529e-07
     4.0778e-07
    3.98365e-07
    3.85094e-07
    3.74407e-07
    3.66684e-07
    3.54154e-07
    3.44912e-07
    3.35394e-07
    3.24612e-07
    3.15343e-07
    3.06422e-07
    2.98431e-07
    2.89454e-07
     2.8434e-07
    2.86928e-07
    2.65687e-07
    2.58227e-07
    2.52301e-07
    2.91182e-07
    2.43241e-07
    2.30386e-07
     2.4376e-07
    2.17533e-07
    2.11393e-07
    2.05487e-07
    1.99664e-07
    1.94083e-07
     1.8862e-07
    1.83263e-07
    1.78107e-07
    1.73093e-07
    1.68246e-07
    1.67302e-07
    1.58865e-07
    1.54401e-07
    1.50038e-07
    1.45874e-07
    1.41725e-07
    1.37719e-07
    1.33874e-07
    1.30072e-07
    1.26411e-07
    1.42791e-07
    1.23672e-07
    1.16034e-07
    1.12752e-07
    1.09593e-07
    1.10755e-07
     1.1706e-07
     1.0058e-07
    9.77629e-08
    9.50157e-08
    9.23146e-08
    9.03419e-08
     8.7194e-08
    8.47527e-08
    8.23415e-08
    8.00291e-08
    7.77784e-08
    7.55809e-08
    7.97461e-08
    7.13805e-08
    6.93746e-08
    6.87707e-08
    6.55177e-08
    6.36711e-08
    6.18794e-08
    6.01487e-08
    5.97838e-08
    5.67918e-08
    5.51934e-08
    5.36482e-08
    5.21256e-08
    5.06706e-08
    4.92435e-08
    4.78453e-08
    4.65014e-08
    4.51883e-08
    4.39242e-08
    4.26772e-08
    4.14743e-08
    4.03072e-08
    3.91703e-08
    3.80779e-08
    3.69958e-08
    3.59513e-08
    3.55649e-08
    3.39549e-08
    3.29965e-08
    3.20692e-08
    3.25089e-08
    3.02848e-08
    2.94324e-08
    2.86032e-08
     2.9327e-08
    2.70168e-08
    2.62528e-08
    2.55159e-08
    2.47978e-08
    2.40954e-08
    2.34159e-08
    2.27569e-08
    2.21187e-08
    2.14913e-08
    2.08868e-08
    2.02977e-08
    1.97251e-08
    1.91746e-08
    1.86295e-08
    1.81045e-08
    1.75978e-08
    1.70982e-08
    1.66162e-08
    1.61483e-08
    1.56955e-08
    1.52508e-08
    1.48214e-08
    1.44034e-08
    1.39972e-08
    1.36042e-08
    1.32197e-08
    1.28491e-08
    1.24872e-08
    1.21335e-08
    1.17911e-08
     1.2079e-08
    1.11379e-08
    1.08227e-08
    1.05173e-08
     1.0221e-08
    9.93543e-09
    9.65276e-09
    9.38114e-09
     9.1177e-09
    8.85958e-09
    8.60966e-09
    8.36731e-09
     8.1326e-09
    7.90202e-09
    7.67933e-09
    7.46306e-09
    7.25256e-09
    7.04893e-09
    6.84952e-09
    6.65746e-09
    6.46973e-09
    6.28675e-09
    6.10918e-09
    5.93733e-09
    5.77077e-09
    5.60711e-09
    5.44901e-09
    5.29555e-09
    5.14626e-09
    5.00243e-09
    4.86032e-09
    4.72336e-09
    4.59084e-09
    4.46086e-09
    4.33497e-09
    4.21297e-09
    4.09474e-09
     3.9787e-09
    3.86646e-09
    3.75757e-09
    3.65167e-09
     3.5491e-09
    3.44875e-09
    3.35197e-09
    3.25748e-09
    3.16536e-09
    3.07596e-09
    2.98942e-09
    2.90553e-09
    2.82316e-09
    2.74356e-09
    2.66629e-09
     2.5917e-09
    2.51807e-09
    2.44722e-09
    2.37844e-09
    2.31119e-09
    2.24597e-09
    2.18272e-09
    2.12145e-09
    2.06136e-09
    2.00323e-09
    1.94679e-09
    1.89192e-09
    1.83876e-09
    1.78678e-09
    1.73663e-09
    1.68766e-09
    1.63996e-09
    1.59365e-09
     1.5488e-09
    1.50532e-09
    1.46267e-09
    1.42143e-09
    1.38139e-09
    1.34245e-09
    1.30487e-09
    1.26785e-09
    1.23212e-09
    1.19752e-09
    1.16364e-09
    1.13081e-09
    1.09898e-09
    1.06811e-09
    1.03787e-09
    1.00859e-09
    9.80184e-10
    9.52558e-10
    9.25693e-10
    8.99621e-10
    8.74252e-10
    8.49611e-10
    8.25666e-10
    8.02374e-10
    7.79763e-10
    7.57776e-10
    7.36412e-10
    7.15651e-10
    6.95475e-10
    6.75868e-10
    6.56815e-10
      6.383e-10
    6.20304e-10
    6.02818e-10
    5.85824e-10
    5.69309e-10
    5.53258e-10
    5.37661e-10
    5.22504e-10
    5.07773e-10
    4.93458e-10
    4.79547e-10
    4.66028e-10
    4.52889e-10
    4.40122e-10
    4.27714e-10
    4.15656e-10
    4.03938e-10
    3.92551e-10
    3.81484e-10
    3.70729e-10
    3.60278e-10
    3.50121e-10
    3.40251e-10
    3.30658e-10
    3.21337e-10
    3.12278e-10
    3.03474e-10
    2.94919e-10
    2.86604e-10
    2.78525e-10
    2.70673e-10
    2.63042e-10
    2.55626e-10
     2.4842e-10
    2.41416e-10
    2.34611e-10
    2.27997e-10
    2.21569e-10
    2.15323e-10
    2.09252e-10
    2.03353e-10
     1.9762e-10
    1.92049e-10
    1.86635e-10
    1.81373e-10
     1.7626e-10
    1.71291e-10
    1.66462e-10
    1.61769e-10
    1.57209e-10
    1.52777e-10
     1.4847e-10
    1.44284e-10
    1.40217e-10
    1.36264e-10
    1.32422e-10
    1.28689e-10
    1.25061e-10
    1.21535e-10
    1.18109e-10
    1.14779e-10
    1.11544e-10
    1.08399e-10
    1.05343e-10
    1.02373e-10
    9.94872e-11
    9.66825e-11
    9.39569e-11
    9.13081e-11
     8.8734e-11
    8.62324e-11
    8.38014e-11
    8.14389e-11
     7.9143e-11
    7.69119e-11
    7.47436e-11
    7.26365e-11
    7.05887e-11
    6.85987e-11
    6.66648e-11
    6.47854e-11
     6.2959e-11
    6.11841e-11
    5.94592e-11
     5.7783e-11
     5.6154e-11
    5.45709e-11
    5.30325e-11
    5.15374e-11
    5.00845e-11
    4.86725e-11
    4.73004e-11
    4.59669e-11
     4.4671e-11
    4.34117e-11
    4.21878e-11
    4.09985e-11
    3.98427e-11
    3.87194e-11
    3.76279e-11
    3.65671e-11
    3.55362e-11
    3.45344e-11
    3.35608e-11
    3.26147e-11
    3.16952e-11
    3.08017e-11
    2.99333e-11
    2.90895e-11
    2.82694e-11
    2.74724e-11
    2.66979e-11
    2.59453e-11
    2.52138e-11
     2.4503e-11
    2.38122e-11
    2.31409e-11
    2.24886e-11
    2.18546e-11
    2.12385e-11
    2.06397e-11
    2.00578e-11
    1.94924e-11
    1.89429e-11
    1.84088e-11
    1.78899e-11
    1.73855e-11
    1.68954e-11
    1.64191e-11
    1.59562e-11
    1.55064e-11
    1.50692e-11
    1.46444e-11
    1.42316e-11
    1.38303e-11
    1.34404e-11
    1.30615e-11
    1.26933e-11
    1.23355e-11
    1.19877e-11
    1.16498e-11
    1.13213e-11
    1.10022e-11
     1.0692e-11
    1.03906e-11
    1.00976e-11
    9.81298e-12
    9.53634e-12
    9.26749e-12
    9.00623e-12
    8.75233e-12
    8.50559e-12
     8.2658e-12
    8.03277e-12
    7.80632e-12
    7.58624e-12
    7.37238e-12
    7.16454e-12
    6.96256e-12
    6.76627e-12
    6.57552e-12
    6.39015e-12
       6.21e-12
    6.03493e-12
    5.86479e-12
    5.69946e-12
    5.53878e-12
    5.38263e-12
    5.23089e-12
    5.08342e-12
    4.94011e-12
    4.80084e-12
     4.6655e-12
    4.53397e-12
    4.40615e-12
    4.28193e-12
    4.16122e-12
    4.04391e-12
     3.9299e-12
    3.81911e-12
    3.71145e-12
    3.60682e-12
    3.50513e-12
    3.40632e-12
    3.31029e-12
    3.21697e-12
    3.12628e-12
    3.03814e-12
    2.95249e-12
    2.86926e-12
    2.78837e-12
    2.70976e-12
    2.63337e-12
    2.55913e-12
    2.48698e-12
    2.41687e-12
    2.34873e-12
    2.28252e-12
    2.21817e-12
    2.15564e-12
    2.09487e-12
    2.03581e-12
    1.97842e-12
    1.92264e-12
    1.86844e-12
    1.81577e-12
    1.76458e-12
    1.71483e-12
    1.66649e-12
    1.61951e-12
    1.57385e-12
    1.52948e-12
    1.48636e-12
    1.44446e-12
    1.40374e-12
    1.36416e-12
    1.32571e-12
    1.28833e-12
    1.25201e-12
    1.21672e-12
    1.18241e-12
    1.14908e-12
    1.11669e-12
     1.0852e-12
    1.05461e-12
    1.02488e-12
    9.95987e-13
    9.67909e-13
    9.40622e-13
    9.14104e-13
    8.88334e-13
    8.63291e-13
    8.38953e-13
    8.15302e-13
    7.92317e-13
     7.6998e-13
    7.48274e-13
    7.27179e-13
    7.06678e-13
    6.86756e-13
    6.67395e-13
     6.4858e-13
    6.30296e-13
    6.12527e-13
    5.95259e-13
    5.78477e-13
    5.62169e-13
    5.46321e-13
    5.30919e-13
    5.15952e-13
    5.01406e-13
    4.87271e-13
    4.73534e-13
    4.60184e-13
    4.47211e-13
    4.34603e-13
    4.22351e-13
    4.10444e-13
    3.98873e-13
    3.87628e-13
    3.76701e-13
    3.66081e-13
     3.5576e-13
    3.45731e-13
    3.35984e-13
    3.26512e-13
    3.17307e-13
    3.08362e-13
    2.99669e-13
    2.91221e-13
    2.83011e-13
    2.75032e-13
    2.67279e-13
    2.59744e-13
    2.52421e-13
    2.45305e-13
    2.38389e-13
    2.31669e-13
    2.25138e-13
    2.18791e-13
    2.12623e-13
    2.06628e-13
    2.00803e-13
    1.95142e-13
    1.89641e-13
    1.84295e-13
    1.79099e-13
     1.7405e-13
    1.69143e-13
    1.64375e-13
    1.59741e-13
    1.55238e-13
    1.50861e-13
    1.46608e-13
    1.42475e-13
    1.38458e-13
    1.34555e-13
    1.30762e-13
    1.27075e-13
    1.23493e-13
    1.20011e-13
    1.16628e-13
     1.1334e-13
    1.10145e-13
     1.0704e-13
    1.04022e-13
     1.0109e-13
    9.82398e-14
    9.54702e-14
    9.27788e-14
    9.01632e-14
    8.76214e-14
    8.51512e-14
    8.27506e-14
    8.04178e-14
    7.81506e-14
    7.59475e-14
    7.38064e-14
    7.17257e-14
    6.97036e-14
    6.77385e-14
    6.58289e-14
    6.39731e-14
    6.21696e-14
    6.04169e-14
    5.87137e-14
    5.70584e-14
    5.54499e-14
    5.38866e-14
    5.23675e-14
    5.08912e-14
    4.94565e-14
    4.80622e-14
    4.67073e-14
    4.53905e-14
    4.41109e-14
    4.28673e-14
    4.16588e-14
    4.04844e-14
    3.93431e-14
    3.82339e-14
    3.71561e-14
    3.61086e-14
    3.50906e-14
    3.41014e-14
      3.314e-14
    3.22057e-14
    3.12978e-14
    3.04155e-14
     2.9558e-14
    2.87247e-14
    2.79149e-14
     2.7128e-14
    2.63632e-14
      2.562e-14
    2.48977e-14
    2.41958e-14
    2.35137e-14
    2.28508e-14
    2.22066e-14
    2.15805e-14
    2.09722e-14
    2.03809e-14
    1.98063e-14
     1.9248e-14
    1.87053e-14
     1.8178e-14
    1.76655e-14
    1.71675e-14
    1.66835e-14
    1.62132e-14
    1.57561e-14
    1.53119e-14
    1.48803e-14
    1.44608e-14
    1.40531e-14
    1.36569e-14
    1.32719e-14
    1.28978e-14
    1.25341e-14
    1.21808e-14
    1.18374e-14
    1.15037e-14
    1.11794e-14
    1.08642e-14
    1.05579e-14
    1.02603e-14
    9.97103e-15
