              0
              0
              0
              0
              0
              0
              0
       0.998004
        1.29741
    0.000138524
     0.00107851
     0.00147429
     0.00370065
     0.00482026
     0.00403816
     0.00537247
     0.00471357
     0.00455536
     0.00438484
      0.0715268
     0.00419978
     0.00375991
     0.00338739
       0.139716
       0.139948
      0.0972319
     0.00479651
     0.00529644
     0.00530214
     0.00484395
     0.00447968
     0.00435494
     0.00431931
     0.00416905
      0.0963984
       0.129956
     0.00458389
      0.0674167
      0.0673429
     0.00458883
      0.0470953
     0.00421244
     0.00412937
     0.00406646
     0.00393567
      0.0464957
     0.00376078
     0.00370071
      0.0755352
       0.131848
      0.0618151
     0.00378009
      0.0446606
     0.00352375
     0.00342556
        0.02307
      0.0322849
      0.0031541
     0.00310298
     0.00305856
     0.00303466
     0.00299872
     0.00302022
     0.00294973
     0.00288926
      0.0162408
     0.00272387
      0.0026723
      0.0160206
      0.0116504
      0.0207146
     0.00241704
     0.00238321
      0.0382747
      0.0176124
     0.00224252
      0.0218011
      0.0112536
     0.00207819
     0.00822433
      0.0019677
      0.0110235
      0.0152927
     0.00605997
     0.00179049
     0.00175097
     0.00593582
     0.00168228
     0.00163348
     0.00445832
     0.00154571
      0.0015091
     0.00146136
     0.00143355
     0.00139818
      0.0013661
     0.00133562
     0.00131307
     0.00127315
     0.00833481
     0.00120764
     0.00404428
     0.00114487
     0.00307026
     0.00109403
     0.00105266
     0.00103492
      0.0010114
     0.00278865
    0.000962757
     0.00380434
    0.000913277
    0.000888982
    0.000862336
    0.000841037
     0.00081227
     0.00212194
      0.0013877
     0.00208305
     0.00206547
     0.00282683
    0.000698134
    0.000678098
    0.000661407
    0.000643006
     0.00365704
     0.00265625
     0.00100762
     0.00147653
    0.000563619
     0.00276971
    0.000532354
     0.00195403
     0.00173267
    0.000492011
    0.000761298
       0.003914
     0.00233111
     0.00114085
    0.000427867
    0.000415718
     0.00082205
      0.0012938
    0.000802613
    0.000375021
    0.000364799
    0.000546532
    0.000345818
    0.000334748
    0.000326416
    0.000734742
     0.00030836
    0.000299833
    0.000292939
     0.00047737
    0.000530233
    0.000359515
    0.000351295
    0.000254816
     0.00024792
    0.000240661
    0.000518503
    0.000227602
    0.000414392
    0.000407655
    0.000270552
    0.000265208
    0.000198807
    0.000193566
    0.000188011
    0.000210439
    0.000177731
    0.000365311
    0.000297902
    0.000224186
    0.000158796
    0.000154708
    0.000150412
    0.000207014
    0.000202973
    0.000138483
    0.000251937
    0.000172131
    0.000320182
    0.000123608
    0.000148052
    0.000116832
    0.000113638
    0.000110538
    0.000107589
    0.000104623
    0.000101709
    0.000207289
    9.62615e-05
    9.34197e-05
     0.00031116
    8.82369e-05
    0.000168324
    0.000185351
    8.10422e-05
    0.000168111
     7.6744e-05
    0.000102669
    7.25678e-05
    7.05802e-05
    0.000109817
    8.57263e-05
    8.37609e-05
    6.29289e-05
    8.90313e-05
    8.75536e-05
    6.05953e-05
     5.6236e-05
    6.35142e-05
    6.20383e-05
    6.04926e-05
    5.02892e-05
    4.88449e-05
    4.75231e-05
    6.70208e-05
    4.48677e-05
    4.35964e-05
    4.92283e-05
    4.12741e-05
    4.01057e-05
    4.49636e-05
     3.7897e-05
    3.68344e-05
    3.58038e-05
    3.47878e-05
    3.37964e-05
    3.69617e-05
    4.49081e-05
    3.10492e-05
    3.01825e-05
     3.0627e-05
    3.04293e-05
    2.99207e-05
    4.60451e-05
    2.62069e-05
    2.67609e-05
    2.66468e-05
    2.49306e-05
    2.46747e-05
    2.59122e-05
    2.33728e-05
     3.0285e-05
    4.89491e-05
    2.53876e-05
    2.44042e-05
    2.00536e-05
    2.27239e-05
    2.69415e-05
    2.51658e-05
    1.71189e-05
    1.66354e-05
    1.80474e-05
    1.57137e-05
    1.52787e-05
    3.58191e-05
    1.44473e-05
     1.4045e-05
     1.4098e-05
    1.32631e-05
    1.28875e-05
    1.25294e-05
    1.21685e-05
    1.18332e-05
    1.14968e-05
    1.11756e-05
    1.08675e-05
    1.08363e-05
    1.02688e-05
    9.98894e-06
    9.69628e-06
    9.42605e-06
    1.07091e-05
     9.0938e-06
    8.65569e-06
    8.41152e-06
    8.17412e-06
    7.94456e-06
    7.72383e-06
    7.50847e-06
    7.30046e-06
    7.09904e-06
     1.0971e-05
    6.70465e-06
    6.51174e-06
    8.21532e-06
    6.15134e-06
    7.26139e-06
    6.68104e-06
     5.6453e-06
    5.49019e-06
    5.33525e-06
    5.35227e-06
    5.13004e-06
    5.50532e-06
    4.76335e-06
    4.62666e-06
    4.49746e-06
    4.37022e-06
     4.3052e-06
    4.12715e-06
    4.16817e-06
    3.89889e-06
    3.79127e-06
    3.68731e-06
    3.62271e-06
    3.48026e-06
    3.38186e-06
    3.36389e-06
    3.21333e-06
    3.39786e-06
    3.01682e-06
    2.93176e-06
    2.85134e-06
    2.83751e-06
    2.69235e-06
    2.61867e-06
    2.54364e-06
    2.47186e-06
    2.40189e-06
    2.33447e-06
    2.26913e-06
    2.24489e-06
    2.14271e-06
    2.08813e-06
    2.12275e-06
    1.96742e-06
    1.91291e-06
     1.8596e-06
     1.8061e-06
    1.75535e-06
    1.71804e-06
    1.65786e-06
     1.6114e-06
    1.56599e-06
    1.52149e-06
     1.4789e-06
    1.43787e-06
    1.39718e-06
     1.3763e-06
    1.32018e-06
    1.28219e-06
     1.2903e-06
    1.25664e-06
    1.17976e-06
    1.14667e-06
    1.12138e-06
    1.08029e-06
    1.05001e-06
    1.02055e-06
    9.95856e-07
    1.07962e-06
    9.37342e-07
    9.10383e-07
    8.84785e-07
    8.99429e-07
    8.62813e-07
    8.12158e-07
    7.89192e-07
    8.25552e-07
    7.45836e-07
    7.24541e-07
    7.04071e-07
    9.58956e-07
    6.69127e-07
    6.46327e-07
    6.28169e-07
    6.10383e-07
    6.51935e-07
    5.80504e-07
    5.60234e-07
    5.48472e-07
    5.29319e-07
    7.00774e-07
    5.94784e-07
    4.86034e-07
    4.72163e-07
    5.17452e-07
    4.45828e-07
    5.19529e-07
    4.21172e-07
    4.09286e-07
    4.20107e-07
    3.86532e-07
    3.75819e-07
    3.67824e-07
    3.62704e-07
    3.45025e-07
    3.36966e-07
    3.25704e-07
    3.16476e-07
    3.07558e-07
     2.9896e-07
    2.90561e-07
    2.82341e-07
    2.74371e-07
    2.66698e-07
    2.59183e-07
    2.51919e-07
    2.44884e-07
    2.37889e-07
    2.31179e-07
    2.25886e-07
     2.1833e-07
    2.13433e-07
    2.06211e-07
     2.0038e-07
    1.94843e-07
    2.07736e-07
    1.83935e-07
    1.78822e-07
    1.73759e-07
    1.68856e-07
    1.64091e-07
    1.59451e-07
    1.54973e-07
    1.50603e-07
    1.46347e-07
    1.42236e-07
    1.38256e-07
    1.34358e-07
    1.30584e-07
    1.26912e-07
    1.23327e-07
    1.19847e-07
    1.16461e-07
    1.13181e-07
    1.28422e-07
    1.06886e-07
    1.03869e-07
    1.00954e-07
    9.81456e-08
    9.53599e-08
      9.266e-08
    9.00783e-08
    8.75241e-08
    8.89929e-08
     8.2656e-08
    8.03188e-08
    7.80639e-08
    7.58638e-08
    7.37201e-08
    7.16442e-08
    6.96396e-08
    6.76741e-08
    6.57782e-08
     6.3931e-08
      6.211e-08
    6.03605e-08
    5.86567e-08
     5.7003e-08
    5.54021e-08
    5.38385e-08
    5.23183e-08
      5.087e-08
    4.94226e-08
    6.05556e-08
    4.66869e-08
    4.53581e-08
    4.40796e-08
    4.28361e-08
    4.16268e-08
    4.04561e-08
    3.93156e-08
    3.82053e-08
    3.71316e-08
    3.60902e-08
    3.50733e-08
     3.4087e-08
    3.31286e-08
    3.21876e-08
    3.12791e-08
    3.04008e-08
    2.95403e-08
    2.87094e-08
    2.79006e-08
     2.7112e-08
    2.63498e-08
     2.5615e-08
    2.48888e-08
    2.54235e-08
    2.35097e-08
    2.28414e-08
     2.2197e-08
    2.15735e-08
    2.09618e-08
    2.16121e-08
    2.16209e-08
    1.92393e-08
    1.86983e-08
    1.81737e-08
    1.76616e-08
    1.89869e-08
    1.66822e-08
     1.6209e-08
    1.57513e-08
    1.53086e-08
    1.48756e-08
    1.44568e-08
     1.4049e-08
    1.36528e-08
    1.32688e-08
    1.28983e-08
     1.2533e-08
    1.21783e-08
    1.18382e-08
    1.15026e-08
    1.11779e-08
    1.08633e-08
    1.05556e-08
    1.02588e-08
    9.96957e-09
     9.6881e-09
    9.41695e-09
    9.15131e-09
    8.89358e-09
     8.6437e-09
    8.39838e-09
    8.16164e-09
    7.93162e-09
    7.70791e-09
    7.49077e-09
    7.27949e-09
    7.07403e-09
    6.87505e-09
    6.68299e-09
    6.49379e-09
    6.31008e-09
    6.13325e-09
    5.95914e-09
    5.79135e-09
    5.62798e-09
    5.46923e-09
    5.31529e-09
    5.16535e-09
     5.0196e-09
    4.87837e-09
    4.74139e-09
    4.60784e-09
    4.47806e-09
     4.3519e-09
    4.22851e-09
    4.10933e-09
    3.99343e-09
    3.88095e-09
    3.77159e-09
    3.66522e-09
     3.5618e-09
    3.46159e-09
    3.36482e-09
     3.2696e-09
    3.17709e-09
    3.08804e-09
     3.0004e-09
    2.91591e-09
    2.83366e-09
    2.75374e-09
    2.67622e-09
    2.60074e-09
    2.52736e-09
    2.45653e-09
    2.38725e-09
    2.32002e-09
    2.25472e-09
    2.19082e-09
    2.12905e-09
      2.069e-09
     2.0107e-09
    1.95405e-09
    1.89895e-09
    1.84537e-09
    1.79343e-09
    1.74326e-09
    1.69394e-09
    1.64604e-09
    1.59987e-09
     1.5545e-09
    1.51072e-09
    1.46811e-09
     1.4267e-09
    1.38654e-09
    1.34743e-09
    1.30942e-09
    1.27256e-09
     1.2368e-09
    1.20196e-09
     1.1681e-09
    1.13519e-09
    1.10304e-09
    1.07194e-09
    1.04171e-09
    1.01237e-09
    9.83838e-10
    9.56094e-10
     9.2912e-10
    9.02971e-10
    8.77505e-10
    8.52777e-10
    8.28737e-10
    8.05367e-10
    7.82657e-10
    7.60587e-10
    7.39147e-10
    7.18309e-10
    6.98058e-10
     6.7838e-10
    6.59254e-10
    6.40671e-10
     6.2261e-10
    6.05059e-10
       5.88e-10
    5.71424e-10
    5.55314e-10
    5.39659e-10
    5.24444e-10
    5.09659e-10
    4.95291e-10
    4.81328e-10
    4.67759e-10
    4.54572e-10
    4.41757e-10
    4.29304e-10
    4.17201e-10
    4.05439e-10
    3.94009e-10
    3.82902e-10
    3.72107e-10
    3.61617e-10
    3.51422e-10
    3.41515e-10
    3.31887e-10
    3.22531e-10
    3.13438e-10
    3.04602e-10
    2.96015e-10
    2.87669e-10
     2.7956e-10
    2.71678e-10
    2.64019e-10
    2.56576e-10
    2.49343e-10
    2.42314e-10
    2.35482e-10
    2.28844e-10
    2.22392e-10
    2.16123e-10
     2.1003e-10
    2.04109e-10
    1.98355e-10
    1.92763e-10
    1.87328e-10
    1.82047e-10
    1.76915e-10
    1.71928e-10
    1.67081e-10
     1.6237e-10
    1.57793e-10
    1.53345e-10
    1.49021e-10
     1.4482e-10
    1.40738e-10
     1.3677e-10
    1.32914e-10
    1.29167e-10
    1.25526e-10
    1.21987e-10
    1.18548e-10
    1.15206e-10
    1.11958e-10
    1.08802e-10
    1.05735e-10
    1.02754e-10
    9.98569e-11
    9.70418e-11
     9.4306e-11
    9.16474e-11
    8.90637e-11
    8.65529e-11
    8.41128e-11
    8.17415e-11
    7.94371e-11
    7.71977e-11
    7.50213e-11
    7.29064e-11
     7.0851e-11
    6.88536e-11
    6.69125e-11
    6.50262e-11
     6.3193e-11
    6.14115e-11
    5.96802e-11
    5.79977e-11
    5.63626e-11
    5.47737e-11
    5.32295e-11
    5.17289e-11
    5.02706e-11
    4.88534e-11
    4.74761e-11
    4.61377e-11
     4.4837e-11
     4.3573e-11
    4.23446e-11
    4.11508e-11
    3.99907e-11
    3.88633e-11
    3.77677e-11
     3.6703e-11
    3.56683e-11
    3.46627e-11
    3.36855e-11
    3.27359e-11
     3.1813e-11
    3.09161e-11
    3.00446e-11
    2.91976e-11
    2.83744e-11
    2.75745e-11
    2.67971e-11
    2.60417e-11
    2.53075e-11
    2.45941e-11
    2.39007e-11
    2.32269e-11
    2.25721e-11
    2.19358e-11
    2.13174e-11
    2.07164e-11
    2.01324e-11
    1.95648e-11
    1.90133e-11
    1.84772e-11
    1.79563e-11
    1.74501e-11
    1.69582e-11
    1.64801e-11
    1.60155e-11
     1.5564e-11
    1.51252e-11
    1.46988e-11
    1.42844e-11
    1.38817e-11
    1.34904e-11
    1.31101e-11
    1.27405e-11
    1.23813e-11
    1.20323e-11
     1.1693e-11
    1.13634e-11
     1.1043e-11
    1.07317e-11
    1.04292e-11
    1.01352e-11
    9.84944e-12
    9.57177e-12
    9.30193e-12
    9.03969e-12
    8.78485e-12
    8.53719e-12
    8.29651e-12
    8.06262e-12
    7.83532e-12
    7.61443e-12
    7.39977e-12
    7.19116e-12
    6.98843e-12
    6.79141e-12
    6.59995e-12
    6.41389e-12
    6.23307e-12
    6.05735e-12
    5.88659e-12
    5.72063e-12
    5.55936e-12
    5.40263e-12
    5.25033e-12
    5.10231e-12
    4.95847e-12
    4.81868e-12
    4.68283e-12
    4.55082e-12
    4.42252e-12
    4.29785e-12
    4.17668e-12
    4.05894e-12
    3.94451e-12
    3.83331e-12
    3.72524e-12
    3.62022e-12
    3.51816e-12
    3.41898e-12
    3.32259e-12
    3.22892e-12
    3.13789e-12
    3.04943e-12
    2.96346e-12
    2.87992e-12
    2.79873e-12
    2.71983e-12
    2.64315e-12
    2.56864e-12
    2.49622e-12
    2.42585e-12
    2.35746e-12
      2.291e-12
    2.22641e-12
    2.16365e-12
    2.10265e-12
    2.04337e-12
    1.98577e-12
    1.92979e-12
    1.87538e-12
    1.82251e-12
    1.77113e-12
     1.7212e-12
    1.67268e-12
    1.62552e-12
     1.5797e-12
    1.53516e-12
    1.49188e-12
    1.44983e-12
    1.40895e-12
    1.36923e-12
    1.33063e-12
    1.29312e-12
    1.25666e-12
    1.22124e-12
    1.18681e-12
    1.15335e-12
    1.12084e-12
    1.08924e-12
    1.05853e-12
    1.02869e-12
    9.99688e-13
    9.71505e-13
    9.44117e-13
    9.17501e-13
    8.91635e-13
    8.66499e-13
    8.42071e-13
    8.18331e-13
    7.95261e-13
    7.72842e-13
    7.51054e-13
    7.29881e-13
    7.09304e-13
    6.89308e-13
    6.69875e-13
     6.5099e-13
    6.32638e-13
    6.14803e-13
     5.9747e-13
    5.80627e-13
    5.64258e-13
    5.48351e-13
    5.32892e-13
    5.17869e-13
    5.03269e-13
    4.89081e-13
    4.75293e-13
    4.61894e-13
    4.48873e-13
    4.36218e-13
     4.2392e-13
    4.11969e-13
    4.00355e-13
    3.89069e-13
      3.781e-13
    3.67441e-13
    3.57082e-13
    3.47016e-13
    3.37233e-13
    3.27726e-13
    3.18486e-13
    3.09508e-13
    3.00782e-13
    2.92303e-13
    2.84062e-13
    2.76054e-13
    2.68272e-13
    2.60709e-13
    2.53359e-13
    2.46216e-13
    2.39275e-13
     2.3253e-13
    2.25974e-13
    2.19604e-13
    2.13413e-13
    2.07396e-13
    2.01549e-13
    1.95867e-13
    1.90346e-13
    1.84979e-13
    1.79765e-13
    1.74697e-13
    1.69772e-13
    1.64986e-13
    1.60334e-13
    1.55814e-13
    1.51422e-13
    1.47153e-13
    1.43004e-13
    1.38973e-13
    1.35055e-13
    1.31248e-13
    1.27548e-13
    1.23952e-13
    1.20457e-13
    1.17062e-13
    1.13761e-13
    1.10554e-13
    1.07438e-13
    1.04409e-13
    1.01465e-13
    9.86048e-14
     9.5825e-14
    9.31235e-14
    9.04982e-14
    8.79469e-14
    8.54676e-14
    8.30581e-14
    8.07166e-14
     7.8441e-14
    7.62297e-14
    7.40806e-14
    7.19922e-14
    6.99626e-14
    6.79903e-14
    6.60735e-14
    6.42108e-14
    6.24006e-14
    6.06414e-14
    5.89318e-14
    5.72705e-14
    5.56559e-14
    5.40869e-14
    5.25621e-14
    5.10803e-14
    4.96402e-14
    4.82408e-14
    4.68808e-14
    4.55592e-14
    4.42748e-14
    4.30266e-14
    4.18136e-14
    4.06348e-14
    3.94893e-14
     3.8376e-14
    3.72941e-14
    3.62428e-14
     3.5221e-14
    3.42281e-14
    3.32631e-14
    3.23254e-14
    3.14141e-14
    3.05285e-14
    2.96678e-14
    2.88315e-14
    2.80186e-14
    2.72288e-14
    2.64611e-14
    2.57152e-14
    2.49902e-14
    2.42857e-14
     2.3601e-14
    2.29357e-14
    2.22891e-14
    2.16607e-14
    2.10501e-14
    2.04566e-14
    1.98799e-14
    1.93195e-14
    1.87748e-14
    1.82456e-14
    1.77312e-14
    1.72313e-14
    1.67455e-14
    1.62735e-14
    1.58147e-14
    1.53688e-14
    1.49356e-14
    1.45145e-14
    1.41053e-14
    1.37077e-14
    1.33212e-14
    1.29457e-14
    1.25807e-14
    1.22261e-14
    1.18814e-14
    1.15464e-14
    1.12209e-14
    1.09046e-14
    1.05972e-14
    1.02984e-14
    1.00081e-14
    9.72594e-15
