              0
              0
              0
              0
              0
              0
              0
              0
    0.000237083
     0.00107765
     0.00131473
    0.000432328
     0.00410259
      0.0036617
     0.00279527
     0.00395812
     0.00511652
     0.00489163
     0.00495938
     0.00304868
     0.00422986
      0.0043074
     0.00445324
     0.00412662
     0.00439412
     0.00411677
     0.00453627
     0.00496757
     0.00451116
     0.00489513
     0.00484246
     0.00359243
     0.00451929
     0.00449523
     0.00397885
     0.00380237
     0.00434745
     0.00444682
     0.00457918
     0.00419497
     0.00494175
     0.00437359
     0.00400087
     0.00436611
     0.00410434
     0.00417693
     0.00372553
     0.00419266
     0.00389361
      0.0036032
     0.00373441
     0.00344293
     0.00365179
     0.00347515
     0.00346443
     0.00355953
     0.00326043
     0.00317229
     0.00311531
     0.00296043
      0.0031937
     0.00308663
     0.00305177
     0.00291101
     0.00282122
     0.00282419
     0.00274087
     0.00267776
      0.0025749
     0.00255782
     0.00243696
     0.00244415
     0.00237126
     0.00233384
     0.00230601
     0.00216201
     0.00216627
     0.00214004
     0.00202088
     0.00199261
     0.00199317
     0.00190315
     0.00188877
     0.00185475
     0.00176536
     0.00173838
     0.00169956
     0.00163993
      0.0016538
      0.0016172
     0.00155313
     0.00150131
     0.00150102
     0.00144078
     0.00139419
     0.00136028
     0.00134241
     0.00129569
     0.00125814
     0.00121503
     0.00119653
     0.00116486
     0.00114685
     0.00111805
     0.00109297
     0.00104459
     0.00102833
     0.00100402
     0.00097505
    0.000973406
    0.000934124
    0.000914289
    0.000887977
    0.000859774
    0.000836701
    0.000818431
    0.000787995
    0.000776667
    0.000744229
    0.000734582
    0.000722214
    0.000689338
     0.00068287
    0.000664605
    0.000649837
    0.000627052
    0.000610079
    0.000596128
    0.000585795
    0.000561088
    0.000544903
    0.000528844
    0.000528139
    0.000500004
    0.000492552
    0.000475269
    0.000462907
    0.000449467
    0.000443415
    0.000429647
    0.000416474
    0.000403779
    0.000396056
    0.000383788
    0.000381032
    0.000366225
    0.000353741
    0.000344761
    0.000332713
    0.000324473
    0.000317253
    0.000311638
     0.00029952
    0.000292026
    0.000283381
    0.000275282
    0.000273697
    0.000261003
    0.000255416
    0.000246671
    0.000240649
    0.000234087
    0.000229862
    0.000220969
    0.000215315
    0.000209931
    0.000204413
    0.000200605
    0.000192874
    0.000187317
    0.000182603
    0.000177114
    0.000171894
    0.000167368
    0.000164015
    0.000158777
    0.000154729
    0.000149828
    0.000146086
    0.000144257
    0.000138239
    0.000134134
    0.000130221
    0.000127226
    0.000123955
    0.000120239
    0.000117448
    0.000113326
     0.00011013
    0.000107215
    0.000104221
    0.000102641
     9.9405e-05
    9.65516e-05
    9.32396e-05
    9.09357e-05
    8.82862e-05
    8.57378e-05
    8.38292e-05
    8.17886e-05
    7.89488e-05
    7.69619e-05
    7.47808e-05
    7.33207e-05
    7.07548e-05
    6.85824e-05
    6.66721e-05
    6.50232e-05
    6.30805e-05
    6.17632e-05
    5.95855e-05
    5.79488e-05
     5.6268e-05
     5.4818e-05
    5.36391e-05
    5.18617e-05
    5.03895e-05
    4.89448e-05
    4.75486e-05
    4.62302e-05
    4.50564e-05
    4.38826e-05
    4.25027e-05
    4.12983e-05
    4.02186e-05
    3.90561e-05
    3.81469e-05
    3.69849e-05
    3.59055e-05
    3.48496e-05
    3.39564e-05
    3.30104e-05
    3.20054e-05
    3.12674e-05
    3.03205e-05
    2.93898e-05
    2.86031e-05
    2.78332e-05
    2.71714e-05
    2.63186e-05
    2.56193e-05
    2.48125e-05
    2.41729e-05
    2.34506e-05
     2.2794e-05
    2.22569e-05
    2.15621e-05
    2.09259e-05
    2.03614e-05
    1.98086e-05
    1.93454e-05
    1.87593e-05
    1.81816e-05
     1.7685e-05
    1.71852e-05
    1.67083e-05
    1.63098e-05
    1.57687e-05
    1.53377e-05
    1.49036e-05
    1.45163e-05
    1.41478e-05
    1.37026e-05
    1.33338e-05
    1.29525e-05
    1.25688e-05
    1.22449e-05
    1.18929e-05
     1.1604e-05
    1.12385e-05
    1.09112e-05
    1.06137e-05
    1.03303e-05
    1.00772e-05
    9.75744e-06
    9.48271e-06
    9.20715e-06
    8.95056e-06
    8.69839e-06
    8.45615e-06
     8.2547e-06
    7.98688e-06
    7.76111e-06
    7.54436e-06
    7.34174e-06
    7.16125e-06
    6.93168e-06
    6.73991e-06
    6.54751e-06
    6.36589e-06
    6.18224e-06
    6.01348e-06
    5.87023e-06
     5.6802e-06
    5.51676e-06
    5.36609e-06
    5.21705e-06
    5.09037e-06
    4.92993e-06
    4.79206e-06
    4.65432e-06
    4.52372e-06
    4.39467e-06
    4.27627e-06
      4.169e-06
     4.0371e-06
    3.92159e-06
    3.81302e-06
    3.70999e-06
    3.61663e-06
    3.50422e-06
    3.40458e-06
    3.30932e-06
    3.21716e-06
    3.12911e-06
    3.04891e-06
    2.95234e-06
    2.86983e-06
    2.78848e-06
     2.7129e-06
    2.64442e-06
    2.56252e-06
    2.48968e-06
    2.41887e-06
    2.35112e-06
    2.28416e-06
    2.22274e-06
    2.16593e-06
    2.09855e-06
    2.03814e-06
    1.98255e-06
    1.92753e-06
    1.87985e-06
    1.82026e-06
    1.76868e-06
    1.71851e-06
    1.67062e-06
    1.62328e-06
    1.57967e-06
    1.53831e-06
    1.49101e-06
    1.44803e-06
    1.40829e-06
    1.36923e-06
    1.33498e-06
    1.29378e-06
    1.25663e-06
    1.22106e-06
    1.18757e-06
    1.15346e-06
    1.12187e-06
     1.0928e-06
    1.05936e-06
    1.02896e-06
    1.00038e-06
    9.72983e-07
    9.48263e-07
    9.18834e-07
    8.92732e-07
    8.67417e-07
    8.43616e-07
    8.19284e-07
    7.98757e-07
    7.74127e-07
    7.52429e-07
    7.30862e-07
    7.11244e-07
    6.92722e-07
    6.71554e-07
    6.52622e-07
    6.34183e-07
    6.16182e-07
    5.99062e-07
    5.82025e-07
     5.6729e-07
    5.49874e-07
    5.34202e-07
    5.19372e-07
    5.05038e-07
    4.92066e-07
    4.77043e-07
    4.63426e-07
    4.50283e-07
    4.37888e-07
    4.25267e-07
    4.13454e-07
     4.0276e-07
    3.90547e-07
     3.7939e-07
    3.68809e-07
    3.58664e-07
    3.49427e-07
    3.38709e-07
     3.2915e-07
    3.19772e-07
    3.10963e-07
    3.02002e-07
    2.93608e-07
    2.85987e-07
    2.77367e-07
    2.69417e-07
    2.61913e-07
    2.54678e-07
    2.48107e-07
    2.40529e-07
    2.33715e-07
    2.27098e-07
    2.20748e-07
    2.14466e-07
    2.09026e-07
    2.02585e-07
    1.96956e-07
    1.91317e-07
    1.86111e-07
    1.81207e-07
    1.75759e-07
    1.70787e-07
    1.65959e-07
    1.61246e-07
    1.56718e-07
    1.52338e-07
    1.48427e-07
    1.43913e-07
    1.39834e-07
    1.35896e-07
    1.32147e-07
    1.28687e-07
      1.248e-07
    1.21256e-07
     1.1782e-07
    1.14507e-07
     1.1129e-07
    1.08162e-07
    1.05365e-07
    1.02182e-07
    9.92825e-08
    9.64931e-08
    9.38239e-08
    9.13635e-08
    8.86124e-08
    8.60956e-08
    8.36583e-08
    8.13031e-08
    7.90125e-08
    7.67958e-08
    7.47924e-08
    7.25467e-08
    7.04799e-08
    6.85095e-08
    6.66116e-08
    6.48586e-08
     6.2909e-08
    6.11263e-08
    5.93928e-08
    5.77234e-08
    5.61039e-08
    5.46243e-08
    5.29867e-08
    5.15043e-08
    5.00373e-08
    4.86642e-08
    4.73664e-08
    4.59577e-08
    4.46581e-08
    4.33944e-08
    4.21659e-08
    4.09803e-08
    3.98301e-08
     3.8777e-08
    3.76264e-08
    3.65537e-08
    3.55312e-08
    3.45438e-08
    3.36289e-08
    3.26255e-08
    3.17011e-08
    3.08026e-08
    2.99365e-08
     2.9094e-08
    2.82755e-08
    2.75254e-08
    2.67111e-08
    2.59508e-08
    2.52235e-08
    2.45225e-08
    2.38709e-08
    2.31603e-08
    2.25046e-08
    2.18665e-08
    2.12518e-08
    2.06513e-08
    2.00726e-08
    1.95383e-08
    1.89606e-08
    1.84212e-08
    1.79058e-08
    1.74077e-08
    1.69441e-08
    1.64404e-08
    1.59751e-08
    1.55224e-08
    1.50857e-08
    1.46597e-08
    1.42486e-08
    1.38685e-08
    1.34593e-08
    1.30765e-08
    1.27105e-08
    1.23568e-08
    1.20269e-08
    1.16702e-08
    1.13399e-08
    1.10186e-08
    1.07086e-08
    1.04062e-08
    1.01292e-08
    9.82897e-09
    9.55392e-09
    9.28231e-09
    9.02618e-09
    8.78244e-09
     8.5242e-09
    8.28331e-09
    8.04919e-09
    7.82145e-09
    7.60058e-09
    7.38772e-09
    7.18953e-09
    6.97822e-09
    6.77982e-09
    6.59014e-09
    6.40638e-09
    6.23441e-09
    6.05049e-09
    5.87922e-09
    5.71287e-09
    5.55204e-09
     5.3953e-09
    5.24385e-09
    5.10283e-09
     4.9532e-09
    4.81253e-09
    4.67766e-09
    4.54728e-09
    4.42487e-09
    4.29458e-09
     4.1731e-09
    4.05497e-09
    3.94084e-09
    3.82959e-09
    3.72209e-09
    3.62177e-09
    3.51576e-09
    3.41594e-09
     3.3202e-09
    3.22759e-09
    3.14054e-09
    3.04823e-09
    2.96202e-09
    2.87818e-09
    2.79717e-09
    2.71821e-09
    2.64508e-09
    2.56737e-09
    2.49543e-09
    2.42459e-09
    2.35743e-09
    2.29326e-09
    2.22633e-09
    2.16345e-09
    2.10233e-09
    2.04288e-09
    1.98521e-09
    1.92955e-09
    1.87731e-09
    1.82254e-09
     1.7708e-09
    1.72119e-09
     1.6731e-09
    1.62778e-09
    1.58014e-09
    1.53545e-09
    1.49203e-09
    1.45002e-09
    1.40909e-09
    1.36951e-09
    1.33235e-09
    1.29356e-09
    1.25687e-09
    1.22161e-09
    1.18749e-09
    1.15525e-09
     1.1215e-09
    1.08979e-09
    1.05896e-09
    1.02915e-09
     1.0001e-09
    9.72009e-10
    9.44592e-10
      9.181e-10
    8.92065e-10
    8.67036e-10
    8.42553e-10
    8.18881e-10
    7.95786e-10
    7.73323e-10
    7.51462e-10
      7.303e-10
    7.09736e-10
    6.89726e-10
    6.70272e-10
    6.51378e-10
    6.33027e-10
    6.15176e-10
    5.97837e-10
     5.8098e-10
    5.64597e-10
    5.48684e-10
    5.33211e-10
    5.18178e-10
    5.03568e-10
    4.89373e-10
    4.75576e-10
     4.6217e-10
     4.4914e-10
    4.36479e-10
    4.24174e-10
    4.12216e-10
    4.00594e-10
    3.89301e-10
    3.78326e-10
     3.6766e-10
    3.57295e-10
    3.47223e-10
    3.37434e-10
    3.27921e-10
    3.18677e-10
    3.09693e-10
    3.00962e-10
    2.92478e-10
    2.84232e-10
    2.76219e-10
    2.68432e-10
    2.60865e-10
     2.5351e-10
    2.46364e-10
    2.39418e-10
    2.32669e-10
    2.26109e-10
    2.19735e-10
     2.1354e-10
     2.0752e-10
     2.0167e-10
    1.95985e-10
    1.90459e-10
     1.8509e-10
    1.79872e-10
    1.74801e-10
    1.69873e-10
    1.65084e-10
     1.6043e-10
    1.55908e-10
    1.51512e-10
    1.47241e-10
     1.4309e-10
    1.39056e-10
    1.35136e-10
    1.31326e-10
    1.27624e-10
    1.24026e-10
    1.20529e-10
    1.17131e-10
    1.13829e-10
     1.1062e-10
    1.07502e-10
    1.04471e-10
    1.01526e-10
    9.86637e-11
    9.58823e-11
    9.31792e-11
    9.05523e-11
    8.79995e-11
    8.55187e-11
    8.31078e-11
    8.07648e-11
    7.84879e-11
    7.62752e-11
    7.41249e-11
    7.20352e-11
    7.00044e-11
    6.80309e-11
     6.6113e-11
    6.42492e-11
    6.24379e-11
    6.06777e-11
    5.89671e-11
    5.73047e-11
    5.56892e-11
    5.41192e-11
    5.25935e-11
    5.11108e-11
    4.96699e-11
    4.82696e-11
    4.69089e-11
    4.55864e-11
    4.43013e-11
    4.30523e-11
    4.18386e-11
    4.06591e-11
    3.95129e-11
     3.8399e-11
    3.73164e-11
    3.62644e-11
    3.52421e-11
    3.42485e-11
     3.3283e-11
    3.23447e-11
    3.14329e-11
    3.05467e-11
    2.96856e-11
    2.88487e-11
    2.80354e-11
     2.7245e-11
     2.6477e-11
    2.57305e-11
    2.50051e-11
    2.43002e-11
    2.36151e-11
    2.29494e-11
    2.23024e-11
    2.16737e-11
    2.10627e-11
    2.04689e-11
    1.98918e-11
     1.9331e-11
    1.87861e-11
    1.82565e-11
    1.77418e-11
    1.72416e-11
    1.67555e-11
    1.62832e-11
    1.58241e-11
     1.5378e-11
    1.49445e-11
    1.45232e-11
    1.41138e-11
    1.37159e-11
    1.33292e-11
    1.29534e-11
    1.25882e-11
    1.22334e-11
    1.18885e-11
    1.15533e-11
    1.12276e-11
    1.09111e-11
    1.06035e-11
    1.03046e-11
    1.00141e-11
    9.73175e-12
     9.4574e-12
    9.19078e-12
    8.93168e-12
    8.67988e-12
    8.43518e-12
    8.19738e-12
    7.96628e-12
     7.7417e-12
    7.52345e-12
    7.31135e-12
    7.10523e-12
    6.90493e-12
    6.71027e-12
    6.52109e-12
    6.33725e-12
     6.1586e-12
    5.98498e-12
    5.81625e-12
    5.65228e-12
    5.49293e-12
    5.33808e-12
    5.18759e-12
    5.04134e-12
    4.89922e-12
     4.7611e-12
    4.62688e-12
    4.49644e-12
    4.36968e-12
    4.24649e-12
    4.12678e-12
    4.01044e-12
    3.89738e-12
     3.7875e-12
    3.68073e-12
    3.57696e-12
    3.47612e-12
    3.37812e-12
    3.28289e-12
    3.19034e-12
     3.1004e-12
    3.01299e-12
    2.92805e-12
    2.84551e-12
    2.76529e-12
    2.68733e-12
    2.61157e-12
    2.53795e-12
     2.4664e-12
    2.39686e-12
    2.32929e-12
    2.26363e-12
    2.19981e-12
     2.1378e-12
    2.07753e-12
    2.01896e-12
    1.96204e-12
    1.90673e-12
    1.85297e-12
    1.80074e-12
    1.74997e-12
    1.70064e-12
    1.65269e-12
     1.6061e-12
    1.56082e-12
    1.51682e-12
    1.47406e-12
     1.4325e-12
    1.39212e-12
    1.35287e-12
    1.31473e-12
    1.27767e-12
    1.24165e-12
    1.20664e-12
    1.17263e-12
    1.13957e-12
    1.10744e-12
    1.07622e-12
    1.04588e-12
     1.0164e-12
    9.87743e-13
    9.59897e-13
    9.32836e-13
    9.06538e-13
    8.80981e-13
    8.56145e-13
    8.32009e-13
    8.08553e-13
    7.85759e-13
    7.63607e-13
     7.4208e-13
    7.21159e-13
    7.00829e-13
    6.81071e-13
    6.61871e-13
    6.43212e-13
    6.25079e-13
    6.07457e-13
    5.90331e-13
    5.73689e-13
    5.57516e-13
    5.41799e-13
    5.26524e-13
    5.11681e-13
    4.97256e-13
    4.83237e-13
    4.69614e-13
    4.56375e-13
    4.43509e-13
    4.31006e-13
    4.18855e-13
    4.07047e-13
    3.95572e-13
     3.8442e-13
    3.73582e-13
    3.63051e-13
    3.52816e-13
    3.42869e-13
    3.33203e-13
     3.2381e-13
    3.14681e-13
     3.0581e-13
    2.97188e-13
     2.8881e-13
    2.80668e-13
    2.72756e-13
    2.65066e-13
    2.57594e-13
    2.50332e-13
    2.43274e-13
    2.36416e-13
    2.29751e-13
    2.23274e-13
     2.1698e-13
    2.10863e-13
    2.04918e-13
    1.99141e-13
    1.93527e-13
    1.88071e-13
    1.82769e-13
    1.77617e-13
    1.72609e-13
    1.67743e-13
    1.63014e-13
    1.58419e-13
    1.53953e-13
    1.49612e-13
    1.45395e-13
    1.41296e-13
    1.37312e-13
    1.33441e-13
    1.29679e-13
    1.26024e-13
    1.22471e-13
    1.19018e-13
    1.15663e-13
    1.12402e-13
    1.09233e-13
    1.06154e-13
    1.03161e-13
    1.00253e-13
    9.74266e-14
      9.468e-14
    9.20108e-14
    8.94169e-14
    8.68961e-14
    8.44463e-14
    8.20657e-14
    7.97521e-14
    7.75038e-14
    7.53188e-14
    7.31955e-14
     7.1132e-14
    6.91266e-14
    6.71779e-14
     6.5284e-14
    6.34435e-14
     6.1655e-14
    5.99168e-14
    5.82277e-14
    5.65861e-14
    5.49909e-14
    5.34406e-14
     5.1934e-14
    5.04699e-14
    4.90471e-14
    4.76644e-14
    4.63207e-14
    4.50148e-14
    4.37458e-14
    4.25125e-14
     4.1314e-14
    4.01493e-14
    3.90174e-14
    3.79175e-14
    3.68485e-14
    3.58097e-14
    3.48002e-14
    3.38191e-14
    3.28657e-14
    3.19391e-14
    3.10387e-14
    3.01637e-14
    2.93133e-14
     2.8487e-14
    2.76839e-14
    2.69034e-14
     2.6145e-14
    2.54079e-14
    2.46916e-14
    2.39955e-14
     2.3319e-14
    2.26616e-14
    2.20228e-14
    2.14019e-14
    2.07986e-14
    2.02122e-14
    1.96424e-14
    1.90887e-14
    1.85505e-14
    1.80275e-14
    1.75193e-14
    1.70254e-14
    1.65454e-14
     1.6079e-14
    1.56257e-14
    1.51852e-14
    1.47571e-14
    1.43411e-14
    1.39368e-14
    1.35439e-14
    1.31621e-14
     1.2791e-14
    1.24304e-14
      1.208e-14
    1.17394e-14
    1.14085e-14
    1.10868e-14
    1.07743e-14
    1.04705e-14
    1.01754e-14
     9.8885e-15
