              0
              0
              0
              0
              0
              0
              0
              0
     0.00018206
      0.0014545
     0.00108967
        0.69967
       0.302554
     0.00394784
     0.00283368
     0.00378434
      0.0732194
       0.073105
     0.00442361
     0.00383075
     0.00440452
       0.207538
     0.00383498
     0.00396607
       0.140129
       0.253931
     0.00436925
       0.143326
      0.0975052
     0.00496901
       0.130281
      0.0506911
     0.00451629
     0.00439827
      0.0357251
       0.128002
      0.0818273
      0.0670874
     0.00448966
     0.00458357
      0.0671238
      0.0885155
      0.0255579
      0.0826382
      0.0253222
     0.00392244
      0.0252088
      0.0396426
      0.0250815
      0.0182584
     0.00373986
     0.00365383
     0.00364757
      0.0378423
      0.0133244
      0.0132355
      0.0178477
      0.0177001
      0.0394695
      0.0342081
       0.022817
      0.0128782
      0.0128329
      0.0208916
      0.0307507
      0.0028209
     0.00735272
     0.00936999
     0.00717705
     0.00929116
     0.00250201
     0.00242815
     0.00239528
     0.00904075
     0.00230824
      0.0151696
     0.00220416
     0.00212352
      0.0112255
      0.0118569
      0.0138837
     0.00649391
      0.0102104
     0.00395534
     0.00390772
     0.00696983
      0.0129845
     0.00479506
     0.00164592
      0.0016038
     0.00964958
     0.00507583
      0.0102426
     0.00144519
     0.00284565
     0.00281002
     0.00375673
     0.00750439
      0.0027142
     0.00412564
     0.00265569
     0.00856931
     0.00116007
     0.00112806
     0.00273825
     0.00676944
     0.00293146
     0.00461031
     0.00165839
     0.00260873
     0.00338497
     0.00158749
      0.0022209
       0.001323
    0.000848012
    0.000828607
     0.00269055
     0.00205768
     0.00121239
    0.000741215
    0.000726391
     0.00188614
     0.00165699
    0.000668069
    0.000648987
    0.000839391
    0.000615082
     0.00080786
    0.000890542
     0.00056648
    0.000836494
    0.000538102
     0.00083129
      0.0013786
    0.000948087
     0.00144804
     0.00148056
    0.000455887
     0.00044516
     0.00119375
     0.00056325
    0.000409458
    0.000399714
    0.000695458
     0.00124969
    0.000510356
     0.00123092
    0.000414645
    0.000339062
     0.00118415
    0.000529185
    0.000617145
    0.000673877
    0.000437481
    0.000287688
    0.000279519
    0.000369148
    0.000457513
    0.000257939
    0.000250774
    0.000274019
    0.000422286
    0.000230357
    0.000265354
    0.000673183
    0.000353261
    0.000206449
    0.000230808
    0.000351232
    0.000210822
    0.000229485
    0.000333873
    0.000270426
    0.000169963
    0.000261629
    0.000174545
    0.000363228
      0.0001968
     0.00022034
    0.000164333
    0.000139918
    0.000201859
    0.000132343
    0.000173026
    0.000134585
     0.00012162
     0.00011823
    0.000114886
    0.000118141
    0.000124829
    0.000126231
    0.000116828
    0.000109629
    0.000113231
    0.000199946
    0.000136442
    0.000109848
    9.62731e-05
    8.88629e-05
    8.94003e-05
    7.97556e-05
    0.000117456
    7.53506e-05
    7.98803e-05
    9.84527e-05
    8.53763e-05
    6.74072e-05
    7.95383e-05
    6.67036e-05
    6.32204e-05
    8.12399e-05
    5.84754e-05
    5.98758e-05
    7.59048e-05
    9.04084e-05
    5.52568e-05
    6.17263e-05
    5.33482e-05
    7.68878e-05
    6.73052e-05
    4.83894e-05
     4.4752e-05
    4.29003e-05
    4.76629e-05
    5.75492e-05
    8.36399e-05
    7.06964e-05
    3.72365e-05
    4.36129e-05
    4.16816e-05
    3.41818e-05
    4.50654e-05
    3.31987e-05
    3.56371e-05
    3.25547e-05
    4.36809e-05
    2.88699e-05
    2.89864e-05
    3.11755e-05
    2.71588e-05
    3.97164e-05
    2.64356e-05
    2.43353e-05
     2.8056e-05
    2.69515e-05
    2.26493e-05
    2.20174e-05
    2.21787e-05
    2.22632e-05
    2.08885e-05
    1.94005e-05
    2.18628e-05
    2.59018e-05
    1.80089e-05
    1.82512e-05
    1.74702e-05
    1.97875e-05
    1.63992e-05
    1.55824e-05
    2.08136e-05
    1.48682e-05
    1.41931e-05
    1.38866e-05
     1.3853e-05
    1.37635e-05
    1.38023e-05
    1.49785e-05
    1.21028e-05
    1.17712e-05
    1.15091e-05
    1.10715e-05
    1.06789e-05
    1.13854e-05
    1.31995e-05
    9.89893e-06
    9.58144e-06
    9.59238e-06
    1.00823e-05
    9.02379e-06
    8.84906e-06
    8.26841e-06
    8.87747e-06
    7.94679e-06
    7.73006e-06
    7.47143e-06
    8.31771e-06
     7.4091e-06
    7.76078e-06
    6.58509e-06
    6.63093e-06
    6.68418e-06
    6.06559e-06
    6.51807e-06
    5.71189e-06
    5.56019e-06
    5.49775e-06
    5.67887e-06
    5.32958e-06
    4.95208e-06
    4.81553e-06
    4.69925e-06
    4.61187e-06
     4.4392e-06
    4.31925e-06
    4.36846e-06
    4.26474e-06
    4.10752e-06
     3.8465e-06
    3.74484e-06
    3.65629e-06
    4.11341e-06
    3.47673e-06
    3.32496e-06
    3.23115e-06
    3.13934e-06
    3.06149e-06
    2.99528e-06
    3.06189e-06
    2.84041e-06
    2.72263e-06
    2.65207e-06
    2.58495e-06
    2.51332e-06
    2.50392e-06
     2.3612e-06
    2.33432e-06
    2.26579e-06
      2.187e-06
    2.21298e-06
    2.04699e-06
    2.06229e-06
    1.93312e-06
    1.87971e-06
    1.84049e-06
    1.77964e-06
    1.72506e-06
    1.92767e-06
     1.6521e-06
     1.6477e-06
    1.54828e-06
    1.52913e-06
    1.45484e-06
    1.42215e-06
    1.39707e-06
    1.33711e-06
     1.3058e-06
    1.26075e-06
    1.24045e-06
    1.19451e-06
    1.15684e-06
    1.12524e-06
    1.09254e-06
    1.06206e-06
     1.0792e-06
    1.00949e-06
    9.74838e-07
    9.76728e-07
    9.20892e-07
    8.95148e-07
    8.73178e-07
    8.44907e-07
    8.21328e-07
     8.0037e-07
    8.58925e-07
    7.55307e-07
    7.35699e-07
    7.12909e-07
    7.02947e-07
    6.95312e-07
    8.58127e-07
    6.35449e-07
     6.3081e-07
    6.01928e-07
    5.85192e-07
    7.09426e-07
    5.51372e-07
    5.35208e-07
    5.20214e-07
    5.05529e-07
    4.91952e-07
    4.77537e-07
    4.64047e-07
    4.51079e-07
    4.39138e-07
    4.25844e-07
    4.13926e-07
    4.02304e-07
    3.90889e-07
    4.00492e-07
    3.69283e-07
     3.5881e-07
    3.55173e-07
    3.38854e-07
    3.29435e-07
    3.24397e-07
    3.11091e-07
    3.02291e-07
    2.95855e-07
     2.8839e-07
    2.79482e-07
    2.75941e-07
    2.64107e-07
    2.55293e-07
    2.48202e-07
    2.40597e-07
    2.53752e-07
    2.27203e-07
    2.20814e-07
    2.14581e-07
    2.09937e-07
    2.34854e-07
    2.26278e-07
    1.91449e-07
    1.86019e-07
    1.80871e-07
    1.76307e-07
    2.00055e-07
    1.65953e-07
    1.61875e-07
    1.56739e-07
    1.52332e-07
    1.48007e-07
    1.63778e-07
    1.39807e-07
    1.37219e-07
    1.33989e-07
    1.28335e-07
    1.24727e-07
    1.21183e-07
    1.17786e-07
    1.14453e-07
    1.15507e-07
      1.081e-07
    1.05072e-07
     1.0209e-07
    9.92225e-08
    9.64422e-08
    9.37027e-08
    9.11052e-08
    9.27592e-08
    8.60212e-08
    8.35925e-08
    8.12275e-08
    7.89504e-08
    8.09933e-08
    7.51725e-08
    7.33655e-08
      7.042e-08
     6.9784e-08
    6.65035e-08
    6.46422e-08
    6.28203e-08
    6.10482e-08
    6.02334e-08
    5.76493e-08
    5.60271e-08
    5.58011e-08
    5.29097e-08
    5.14239e-08
    4.99821e-08
    4.85671e-08
    4.72169e-08
    4.58654e-08
    4.45796e-08
    4.33234e-08
    4.20994e-08
    4.09142e-08
     3.9765e-08
    3.86381e-08
    3.75515e-08
    3.64926e-08
    3.54714e-08
    3.44652e-08
    3.34995e-08
    3.25552e-08
    3.16352e-08
    3.07435e-08
    2.98757e-08
     2.9035e-08
    2.82155e-08
    2.74233e-08
    2.66466e-08
     2.5896e-08
    2.51724e-08
    2.44574e-08
    2.37772e-08
    2.30974e-08
      2.245e-08
    2.18167e-08
    2.12015e-08
    2.06032e-08
     2.0025e-08
    1.94569e-08
    1.89095e-08
    1.83768e-08
    1.78622e-08
    1.73554e-08
    1.68689e-08
    1.63938e-08
    1.59305e-08
    1.54815e-08
    1.50439e-08
     1.4621e-08
    1.42085e-08
    1.38092e-08
    1.34182e-08
    1.30404e-08
    1.26754e-08
    1.23158e-08
     1.1973e-08
    1.16313e-08
    1.13046e-08
    1.09859e-08
     1.0676e-08
    1.03766e-08
    1.00821e-08
    9.79799e-09
    9.52184e-09
    9.25502e-09
    8.99277e-09
    8.74066e-09
    8.49437e-09
    8.25415e-09
     8.0215e-09
    7.79493e-09
    7.57555e-09
    7.36206e-09
    7.15514e-09
     6.9526e-09
     6.7566e-09
    6.56729e-09
     6.3813e-09
    6.20316e-09
    6.02647e-09
     5.8572e-09
    5.69168e-09
    5.53113e-09
    5.37536e-09
    5.22442e-09
    5.07642e-09
    4.93352e-09
    4.79439e-09
     4.6599e-09
      4.528e-09
    4.40088e-09
    4.27691e-09
    4.15598e-09
    4.03869e-09
    3.92474e-09
    3.81424e-09
    3.70677e-09
    3.60258e-09
    3.50064e-09
    3.40196e-09
     3.3066e-09
    3.21297e-09
    3.12321e-09
    3.03432e-09
    2.94906e-09
    2.86574e-09
     2.7849e-09
    2.70676e-09
    2.63016e-09
      2.556e-09
    2.48397e-09
    2.41426e-09
    2.34595e-09
    2.28009e-09
    2.21583e-09
    2.15318e-09
    2.09248e-09
    2.03342e-09
    1.97613e-09
    1.92047e-09
    1.86647e-09
    1.81368e-09
    1.76255e-09
    1.71311e-09
    1.66463e-09
    1.61808e-09
    1.57207e-09
    1.52788e-09
    1.48473e-09
    1.44285e-09
    1.40221e-09
    1.36281e-09
    1.32424e-09
    1.28695e-09
    1.25066e-09
    1.21554e-09
    1.18116e-09
    1.14798e-09
    1.11563e-09
    1.08411e-09
    1.05352e-09
     1.0238e-09
    9.94964e-10
    9.66926e-10
    9.39642e-10
     9.1316e-10
     8.8742e-10
     8.6242e-10
    8.38102e-10
    8.14471e-10
    7.91508e-10
    7.69205e-10
    7.47506e-10
    7.26431e-10
    7.05955e-10
    6.86052e-10
    6.66712e-10
    6.47916e-10
    6.29651e-10
    6.11902e-10
    5.94651e-10
    5.77887e-10
    5.61595e-10
    5.45763e-10
    5.30376e-10
    5.15424e-10
    5.00893e-10
    4.86772e-10
    4.73049e-10
    4.59714e-10
    4.46754e-10
    4.34159e-10
     4.2192e-10
    4.10025e-10
    3.98466e-10
    3.87232e-10
    3.76316e-10
    3.65707e-10
    3.55397e-10
    3.45378e-10
    3.35641e-10
    3.26179e-10
    3.16983e-10
    3.08047e-10
    2.99363e-10
    2.90923e-10
    2.82721e-10
    2.74751e-10
    2.67005e-10
    2.59478e-10
    2.52163e-10
    2.45054e-10
    2.38146e-10
    2.31432e-10
    2.24908e-10
    2.18567e-10
    2.12405e-10
    2.06417e-10
    2.00598e-10
    1.94943e-10
    1.89447e-10
    1.84106e-10
    1.78916e-10
    1.73872e-10
     1.6897e-10
    1.64207e-10
    1.59578e-10
    1.55079e-10
    1.50707e-10
    1.46458e-10
    1.42329e-10
    1.38317e-10
    1.34418e-10
    1.30628e-10
    1.26945e-10
    1.23367e-10
    1.19889e-10
    1.16509e-10
    1.13224e-10
    1.10032e-10
     1.0693e-10
    1.03916e-10
    1.00986e-10
    9.81393e-11
    9.53726e-11
    9.26839e-11
     9.0071e-11
    8.75318e-11
    8.50641e-11
     8.2666e-11
    8.03356e-11
    7.80708e-11
    7.58698e-11
    7.37309e-11
    7.16523e-11
    6.96324e-11
    6.76693e-11
    6.57616e-11
    6.39077e-11
     6.2106e-11
    6.03552e-11
    5.86537e-11
    5.70001e-11
    5.53932e-11
    5.38316e-11
     5.2314e-11
    5.08392e-11
    4.94059e-11
    4.80131e-11
    4.66595e-11
    4.53441e-11
    4.40658e-11
    4.28235e-11
    4.16163e-11
     4.0443e-11
    3.93029e-11
    3.81949e-11
    3.71181e-11
    3.60717e-11
    3.50548e-11
    3.40665e-11
    3.31061e-11
    3.21728e-11
    3.12658e-11
    3.03844e-11
    2.95278e-11
    2.86954e-11
    2.78864e-11
    2.71002e-11
    2.63362e-11
    2.55938e-11
    2.48722e-11
    2.41711e-11
    2.34896e-11
    2.28274e-11
    2.21839e-11
    2.15585e-11
    2.09507e-11
    2.03601e-11
    1.97861e-11
    1.92283e-11
    1.86862e-11
    1.81594e-11
    1.76475e-11
      1.715e-11
    1.66665e-11
    1.61966e-11
      1.574e-11
    1.52963e-11
    1.48651e-11
     1.4446e-11
    1.40387e-11
     1.3643e-11
    1.32583e-11
    1.28846e-11
    1.25213e-11
    1.21683e-11
    1.18253e-11
    1.14919e-11
    1.11679e-11
    1.08531e-11
    1.05471e-11
    1.02498e-11
    9.96084e-12
    9.68003e-12
    9.40713e-12
    9.14193e-12
    8.88421e-12
    8.63375e-12
    8.39035e-12
    8.15381e-12
    7.92394e-12
    7.70055e-12
    7.48346e-12
    7.27249e-12
    7.06747e-12
    6.86823e-12
     6.6746e-12
    6.48643e-12
    6.30357e-12
    6.12586e-12
    5.95317e-12
    5.78534e-12
    5.62224e-12
    5.46374e-12
    5.30971e-12
    5.16002e-12
    5.01455e-12
    4.87318e-12
     4.7358e-12
    4.60229e-12
    4.47254e-12
    4.34646e-12
    4.22392e-12
    4.10484e-12
    3.98912e-12
    3.87666e-12
    3.76737e-12
    3.66116e-12
    3.55795e-12
    3.45765e-12
    3.36017e-12
    3.26544e-12
    3.17338e-12
    3.08392e-12
    2.99698e-12
    2.91249e-12
    2.83038e-12
    2.75059e-12
    2.67305e-12
    2.59769e-12
    2.52446e-12
    2.45329e-12
    2.38413e-12
    2.31691e-12
     2.2516e-12
    2.18812e-12
    2.12643e-12
    2.06649e-12
    2.00823e-12
    1.95161e-12
    1.89659e-12
    1.84313e-12
    1.79117e-12
    1.74067e-12
     1.6916e-12
    1.64391e-12
    1.59756e-12
    1.55253e-12
    1.50876e-12
    1.46622e-12
    1.42489e-12
    1.38472e-12
    1.34568e-12
    1.30774e-12
    1.27088e-12
    1.23505e-12
    1.20023e-12
    1.16639e-12
    1.13351e-12
    1.10156e-12
     1.0705e-12
    1.04032e-12
    1.01099e-12
    9.82493e-13
    9.54795e-13
    9.27878e-13
     9.0172e-13
    8.76299e-13
    8.51595e-13
    8.27587e-13
    8.04256e-13
    7.81583e-13
    7.59549e-13
    7.38136e-13
    7.17326e-13
    6.97104e-13
    6.77451e-13
    6.58353e-13
    6.39793e-13
    6.21756e-13
    6.04228e-13
    5.87194e-13
     5.7064e-13
    5.54553e-13
    5.38919e-13
    5.23726e-13
    5.08961e-13
    4.94613e-13
    4.80669e-13
    4.67118e-13
    4.53949e-13
    4.41152e-13
    4.28715e-13
    4.16629e-13
    4.04883e-13
    3.93469e-13
    3.82377e-13
    3.71597e-13
    3.61121e-13
     3.5094e-13
    3.41047e-13
    3.31432e-13
    3.22089e-13
    3.13008e-13
    3.04184e-13
    2.95609e-13
    2.87275e-13
    2.79176e-13
    2.71306e-13
    2.63657e-13
    2.56224e-13
    2.49001e-13
    2.41981e-13
     2.3516e-13
     2.2853e-13
    2.22087e-13
    2.15826e-13
    2.09742e-13
    2.03829e-13
    1.98083e-13
    1.92498e-13
    1.87072e-13
    1.81798e-13
    1.76673e-13
    1.71692e-13
    1.66852e-13
    1.62148e-13
    1.57577e-13
    1.53134e-13
    1.48817e-13
    1.44622e-13
    1.40545e-13
    1.36583e-13
    1.32732e-13
     1.2899e-13
    1.25354e-13
     1.2182e-13
    1.18385e-13
    1.15048e-13
    1.11805e-13
    1.08653e-13
     1.0559e-13
    1.02613e-13
      9.972e-14
    9.69088e-14
    9.41768e-14
    9.15218e-14
    8.89416e-14
    8.64342e-14
    8.39975e-14
    8.16295e-14
    7.93282e-14
    7.70918e-14
    7.49185e-14
    7.28064e-14
    7.07539e-14
    6.87592e-14
    6.68208e-14
     6.4937e-14
    6.31063e-14
    6.13273e-14
    5.95984e-14
    5.79182e-14
    5.62854e-14
    5.46986e-14
    5.31566e-14
     5.1658e-14
    5.02017e-14
    4.87864e-14
    4.74111e-14
    4.60745e-14
    4.47756e-14
    4.35133e-14
    4.22866e-14
    4.10944e-14
    3.99359e-14
    3.88101e-14
    3.77159e-14
    3.66527e-14
    3.56194e-14
    3.46152e-14
    3.36393e-14
     3.2691e-14
    3.17694e-14
    3.08738e-14
    3.00034e-14
    2.91575e-14
    2.83355e-14
    2.75367e-14
    2.67604e-14
     2.6006e-14
    2.52728e-14
    2.45604e-14
     2.3868e-14
    2.31951e-14
    2.25412e-14
    2.19057e-14
    2.12882e-14
     2.0688e-14
    2.01048e-14
     1.9538e-14
    1.89872e-14
    1.84519e-14
    1.79317e-14
    1.74262e-14
    1.69349e-14
    1.64575e-14
    1.59935e-14
    1.55427e-14
    1.51045e-14
    1.46787e-14
    1.42649e-14
    1.38627e-14
    1.34719e-14
    1.30921e-14
     1.2723e-14
    1.23643e-14
    1.20158e-14
     1.1677e-14
    1.13478e-14
    1.10279e-14
     1.0717e-14
    1.04149e-14
    1.01213e-14
    9.83594e-15
