              0
              0
              0
              0
              0
              0
              0
              0
    0.000104883
     0.00124078
     0.00114754
     0.00234945
     0.00154669
       0.402192
       0.303088
     0.00332241
     0.00519612
     0.00363633
       0.072488
      0.0726135
     0.00375075
      0.0724376
       0.139962
     0.00374482
     0.00435605
       0.142765
     0.00471564
       0.263901
      0.0505354
      0.0824313
       0.004952
     0.00475791
      0.0506296
      0.0987094
      0.0985151
      0.0356524
      0.0471341
       0.139423
      0.0256722
      0.0357343
      0.0571861
      0.0471274
     0.00427173
      0.0567872
      0.0254054
       0.111564
      0.0329105
      0.0038526
      0.0183172
      0.0449873
      0.0135667
       0.037909
      0.0379386
      0.0446905
      0.0246874
     0.00337745
      0.0277445
      0.0131469
      0.0177241
      0.0295667
     0.00977491
      0.0164426
     0.00969648
     0.00967455
      0.0241122
     0.00283883
     0.00278259
     0.00275427
        0.01036
      0.0215806
     0.00251809
     0.00246847
      0.0023989
      0.0069601
     0.00229708
      0.0053466
     0.00893674
      0.0021549
     0.00668446
     0.00206347
     0.00200698
     0.00864571
     0.00613032
     0.00708255
     0.00492143
     0.00489296
     0.00630111
     0.00169913
     0.00898864
     0.00826685
     0.00158406
     0.00821411
     0.00149686
     0.00146889
     0.00452532
      0.0083848
     0.00490472
     0.00344025
      0.0037077
     0.00269514
     0.00124105
     0.00284164
     0.00214676
     0.00257558
     0.00306665
     0.00109135
     0.00105266
      0.0010301
     0.00197872
     0.00143442
     0.00140464
    0.000927122
     0.00121492
    0.000882626
     0.00131003
     0.00173867
     0.00202275
    0.000796177
     0.00204718
      0.0014131
     0.00118154
     0.00137263
     0.00159532
    0.000676837
      0.0008684
    0.000640494
     0.00107012
    0.000606223
    0.000798581
     0.00144265
     0.00157351
    0.000544265
    0.000672826
     0.00082273
    0.000501253
     0.00115349
    0.000714878
    0.000604745
    0.000902615
     0.00088464
     0.00118474
    0.000623641
    0.000403354
     0.00053713
    0.000426683
    0.000373276
    0.000458582
    0.000418607
    0.000694343
     0.00103746
    0.000534236
     0.00031594
    0.000644617
    0.000747457
    0.000356256
    0.000283471
    0.000888739
    0.000455042
    0.000304846
    0.000253732
    0.000247175
    0.000391882
    0.000329797
    0.000313226
    0.000220853
    0.000386127
    0.000319079
    0.000472143
    0.000406403
    0.000480509
    0.000424975
     0.00029202
    0.000273393
    0.000216407
    0.000339441
    0.000162961
    0.000158057
    0.000153737
    0.000180135
    0.000190488
    0.000162029
    0.000230207
    0.000134066
    0.000130392
    0.000137536
    0.000123212
    0.000164155
    0.000130515
    0.000133836
    0.000144699
    0.000107166
    0.000154972
    0.000131448
    0.000104965
    0.000119492
    0.000102484
    9.99287e-05
    0.000108374
    0.000124319
    0.000103619
    8.72858e-05
    7.85158e-05
    7.63941e-05
    7.42148e-05
    7.65986e-05
    7.02161e-05
     6.8292e-05
    7.78496e-05
    6.45139e-05
    8.33095e-05
    6.18667e-05
    7.17403e-05
    7.16432e-05
    6.89529e-05
    5.44359e-05
    5.29218e-05
    7.49479e-05
    8.33884e-05
    4.86205e-05
    6.78973e-05
    7.53982e-05
     4.4728e-05
    6.80129e-05
    5.17473e-05
    4.58706e-05
    5.53039e-05
    3.87811e-05
     4.2115e-05
    3.75879e-05
    3.77008e-05
     3.6696e-05
    3.89965e-05
    3.27113e-05
    5.88887e-05
    3.20034e-05
    3.00458e-05
    2.96636e-05
    2.90588e-05
    2.90102e-05
    2.71283e-05
    2.70363e-05
    3.28086e-05
    2.46412e-05
    3.44373e-05
    2.45572e-05
    2.46909e-05
    2.28864e-05
    2.27678e-05
    2.07903e-05
    2.06563e-05
    2.16595e-05
    2.04536e-05
    1.86578e-05
    1.94306e-05
    2.14799e-05
    1.70428e-05
    1.95297e-05
    2.57378e-05
    1.62871e-05
    1.60598e-05
     1.4788e-05
    1.65131e-05
    1.49066e-05
    1.53588e-05
     1.3213e-05
    1.29628e-05
    1.31106e-05
    1.28226e-05
     1.2618e-05
    1.49182e-05
    1.22053e-05
     1.3813e-05
    1.06498e-05
    1.12024e-05
    9.93357e-06
    9.64969e-06
    9.68669e-06
    9.41746e-06
    9.06912e-06
    8.90868e-06
    8.74077e-06
    8.14654e-06
    7.94022e-06
    8.12551e-06
    8.86003e-06
    7.26591e-06
    7.06154e-06
    7.19853e-06
    7.06328e-06
    6.98386e-06
     6.3019e-06
    6.21643e-06
    6.08861e-06
    5.80805e-06
    5.66398e-06
    5.60087e-06
    5.40472e-06
    5.25583e-06
    5.01741e-06
    5.31125e-06
    4.74098e-06
    4.62017e-06
     4.5403e-06
    4.36564e-06
    4.22761e-06
    4.29015e-06
    4.00457e-06
    3.91168e-06
    3.77462e-06
    3.72512e-06
    3.56368e-06
    3.56774e-06
    3.36926e-06
    3.87371e-06
    3.21916e-06
    3.11314e-06
    3.01926e-06
    2.92543e-06
    3.16283e-06
    2.75851e-06
    2.68068e-06
    2.62468e-06
    2.53156e-06
    2.47741e-06
    2.39118e-06
    2.33323e-06
    2.27215e-06
    2.21056e-06
    2.15378e-06
    2.07329e-06
    2.12882e-06
    1.95895e-06
     2.0701e-06
    1.85604e-06
    1.79777e-06
    1.76363e-06
    1.70356e-06
     1.6605e-06
    1.81399e-06
    1.55885e-06
    1.80045e-06
    1.47239e-06
    1.43075e-06
    1.39108e-06
    1.38224e-06
    1.42654e-06
    1.27648e-06
    1.24401e-06
    1.22564e-06
    1.17176e-06
    1.15086e-06
     1.1149e-06
    1.09871e-06
    1.05896e-06
    1.01739e-06
    9.87542e-07
    9.60434e-07
     9.7979e-07
    9.13788e-07
    8.82273e-07
    8.60792e-07
    8.33984e-07
    8.10366e-07
    7.86068e-07
     7.6555e-07
    7.42175e-07
    7.30615e-07
     7.0092e-07
    6.83384e-07
    6.66364e-07
    6.64414e-07
    6.31648e-07
    6.07663e-07
    6.53962e-07
    5.80197e-07
    5.57994e-07
    5.42153e-07
    5.26969e-07
     5.1207e-07
    4.97614e-07
    4.83591e-07
    4.69986e-07
     4.6123e-07
    4.43838e-07
    4.48482e-07
    4.21187e-07
    4.07446e-07
    3.98161e-07
     3.8479e-07
    3.74017e-07
    3.66389e-07
    3.53862e-07
    3.44678e-07
    3.35109e-07
    3.24342e-07
    3.15097e-07
      3.062e-07
    2.98194e-07
    2.89202e-07
    2.84056e-07
    2.86717e-07
    2.65511e-07
    2.58025e-07
    2.52107e-07
    2.91002e-07
    2.43049e-07
    2.30201e-07
    2.43586e-07
    2.17368e-07
     2.1121e-07
    2.05378e-07
    1.99514e-07
    1.93876e-07
    1.88469e-07
    1.83117e-07
    1.77974e-07
    1.72949e-07
    1.68108e-07
    1.67175e-07
    1.58746e-07
    1.54271e-07
    1.49921e-07
    1.45728e-07
    1.41615e-07
     1.3763e-07
    1.33764e-07
    1.29974e-07
    1.26314e-07
    1.42687e-07
    1.23577e-07
    1.15943e-07
    1.12668e-07
    1.09502e-07
    1.10671e-07
    1.17001e-07
    1.00501e-07
    9.76638e-08
    9.49367e-08
    9.22439e-08
    9.02748e-08
    8.71227e-08
    8.46825e-08
    8.22798e-08
    7.99674e-08
    7.77106e-08
    7.55232e-08
    7.96733e-08
    7.13236e-08
    6.93313e-08
    6.87138e-08
    6.54679e-08
     6.3622e-08
    6.18281e-08
    6.01022e-08
    5.97376e-08
     5.6748e-08
     5.5149e-08
    5.36146e-08
    5.20857e-08
    5.06216e-08
    4.92004e-08
    4.78099e-08
    4.64666e-08
    4.51526e-08
    4.38884e-08
     4.2642e-08
    4.14434e-08
    4.02735e-08
    3.91397e-08
    3.80399e-08
    3.69666e-08
     3.5928e-08
    3.55367e-08
    3.39288e-08
    3.29709e-08
    3.20432e-08
    3.24844e-08
    3.02606e-08
    2.94096e-08
    2.85799e-08
    2.93055e-08
    2.69994e-08
    2.62321e-08
    2.54909e-08
    2.47779e-08
    2.40764e-08
    2.33984e-08
    2.27387e-08
    2.21006e-08
    2.14742e-08
    2.08708e-08
     2.0281e-08
    1.97098e-08
    1.91559e-08
    1.86148e-08
    1.80923e-08
    1.75835e-08
    1.70851e-08
    1.66033e-08
    1.61351e-08
    1.56832e-08
    1.52387e-08
    1.48098e-08
    1.43917e-08
    1.39863e-08
    1.35955e-08
    1.32092e-08
    1.28367e-08
    1.24772e-08
     1.2124e-08
    1.17822e-08
    1.20698e-08
    1.11288e-08
    1.08142e-08
    1.05091e-08
    1.02126e-08
    9.92625e-09
    9.64483e-09
    9.37493e-09
    9.11022e-09
    8.85263e-09
    8.60319e-09
    8.36034e-09
    8.12631e-09
    7.89561e-09
    7.67333e-09
    7.45708e-09
    7.24687e-09
    7.04432e-09
    6.84408e-09
    6.65113e-09
    6.46455e-09
     6.2818e-09
    6.10457e-09
     5.9325e-09
    5.76611e-09
    5.60267e-09
    5.44478e-09
    5.29121e-09
    5.14221e-09
    4.99777e-09
    4.85649e-09
    4.72006e-09
    4.58712e-09
    4.45741e-09
    4.33162e-09
    4.20956e-09
    4.09151e-09
    3.97548e-09
    3.86346e-09
    3.75454e-09
     3.6488e-09
    3.54674e-09
    3.44601e-09
    3.34883e-09
    3.25488e-09
    3.16286e-09
    3.07364e-09
    2.98699e-09
    2.90318e-09
    2.82093e-09
    2.74142e-09
    2.66411e-09
    2.58937e-09
    2.51604e-09
    2.44552e-09
    2.37649e-09
    2.30937e-09
    2.24426e-09
    2.18093e-09
    2.11979e-09
     2.0597e-09
    2.00166e-09
    1.94523e-09
    1.89043e-09
    1.83752e-09
    1.78536e-09
    1.73503e-09
    1.68631e-09
    1.63866e-09
    1.59244e-09
    1.54755e-09
     1.5041e-09
    1.46151e-09
    1.42032e-09
    1.38026e-09
    1.34139e-09
    1.30368e-09
    1.26685e-09
    1.23124e-09
    1.19655e-09
    1.16274e-09
    1.12993e-09
    1.09809e-09
    1.06726e-09
    1.03703e-09
    1.00781e-09
    9.79396e-10
    9.51808e-10
    9.24963e-10
    8.98907e-10
     8.7355e-10
    8.48937e-10
    8.25007e-10
    8.01742e-10
    7.79142e-10
    7.57172e-10
    7.35829e-10
    7.15081e-10
     6.9492e-10
    6.75331e-10
    6.56292e-10
    6.37792e-10
    6.19809e-10
    6.02338e-10
    5.85358e-10
    5.68855e-10
    5.52818e-10
    5.37233e-10
    5.22088e-10
    5.07369e-10
    4.93065e-10
    4.79165e-10
    4.65657e-10
    4.52529e-10
    4.39772e-10
    4.27374e-10
    4.15325e-10
    4.03617e-10
    3.92238e-10
     3.8118e-10
    3.70434e-10
    3.59991e-10
    3.49842e-10
     3.3998e-10
    3.30395e-10
    3.21081e-10
    3.12029e-10
    3.03233e-10
    2.94684e-10
    2.86376e-10
    2.78303e-10
    2.70457e-10
    2.62833e-10
    2.55423e-10
    2.48222e-10
    2.41224e-10
    2.34424e-10
    2.27815e-10
    2.21393e-10
    2.15151e-10
    2.09086e-10
    2.03191e-10
    1.97463e-10
    1.91896e-10
    1.86486e-10
    1.81229e-10
     1.7612e-10
    1.71155e-10
     1.6633e-10
    1.61641e-10
    1.57084e-10
    1.52655e-10
    1.48352e-10
    1.44169e-10
    1.40105e-10
    1.36155e-10
    1.32317e-10
    1.28587e-10
    1.24962e-10
    1.21439e-10
    1.18015e-10
    1.14688e-10
    1.11455e-10
    1.08313e-10
    1.05259e-10
    1.02292e-10
    9.94081e-11
    9.66056e-11
    9.38821e-11
    9.12354e-11
    8.86634e-11
    8.61638e-11
    8.37347e-11
    8.13741e-11
      7.908e-11
    7.68507e-11
    7.46841e-11
    7.25787e-11
    7.05325e-11
    6.85441e-11
    6.66118e-11
    6.47339e-11
    6.29089e-11
    6.11354e-11
    5.94119e-11
     5.7737e-11
    5.61093e-11
    5.45275e-11
    5.29903e-11
    5.14964e-11
    5.00446e-11
    4.86338e-11
    4.72627e-11
    4.59303e-11
    4.46355e-11
    4.33771e-11
    4.21543e-11
    4.09659e-11
     3.9811e-11
    3.86886e-11
    3.75979e-11
     3.6538e-11
    3.55079e-11
    3.45069e-11
    3.35341e-11
    3.25887e-11
      3.167e-11
    3.07772e-11
    2.99095e-11
    2.90663e-11
    2.82469e-11
    2.74506e-11
    2.66767e-11
    2.59246e-11
    2.51938e-11
    2.44835e-11
    2.37933e-11
    2.31225e-11
    2.24707e-11
    2.18372e-11
    2.12216e-11
    2.06233e-11
    2.00419e-11
    1.94769e-11
    1.89278e-11
    1.83942e-11
    1.78756e-11
    1.73717e-11
    1.68819e-11
     1.6406e-11
    1.59435e-11
     1.5494e-11
    1.50572e-11
    1.46327e-11
    1.42202e-11
    1.38193e-11
    1.34297e-11
    1.30511e-11
    1.26832e-11
    1.23257e-11
    1.19782e-11
    1.16405e-11
    1.13123e-11
    1.09934e-11
    1.06835e-11
    1.03823e-11
    1.00896e-11
    9.80517e-12
    9.52875e-12
    9.26012e-12
    8.99906e-12
    8.74536e-12
    8.49882e-12
    8.25922e-12
    8.02638e-12
    7.80011e-12
    7.58021e-12
    7.36651e-12
    7.15884e-12
    6.95702e-12
    6.76089e-12
    6.57029e-12
    6.38506e-12
    6.20506e-12
    6.03013e-12
    5.86013e-12
    5.69492e-12
    5.53437e-12
    5.37835e-12
    5.22673e-12
    5.07938e-12
    4.93618e-12
    4.79702e-12
    4.66179e-12
    4.53036e-12
    4.40265e-12
    4.27853e-12
    4.15791e-12
    4.04069e-12
    3.92678e-12
    3.81608e-12
    3.70849e-12
    3.60395e-12
    3.50235e-12
    3.40361e-12
    3.30766e-12
    3.21441e-12
    3.12379e-12
    3.03572e-12
    2.95014e-12
    2.86697e-12
    2.78615e-12
     2.7076e-12
    2.63127e-12
    2.55709e-12
      2.485e-12
    2.41495e-12
    2.34687e-12
     2.2807e-12
    2.21641e-12
    2.15392e-12
     2.0932e-12
    2.03419e-12
    1.97684e-12
    1.92111e-12
    1.86695e-12
    1.81432e-12
    1.76317e-12
    1.71347e-12
    1.66516e-12
    1.61822e-12
     1.5726e-12
    1.52826e-12
    1.48518e-12
    1.44331e-12
    1.40262e-12
    1.36308e-12
    1.32465e-12
    1.28731e-12
    1.25102e-12
    1.21575e-12
    1.18147e-12
    1.14817e-12
     1.1158e-12
    1.08434e-12
    1.05377e-12
    1.02406e-12
    9.95195e-13
    9.67139e-13
    9.39873e-13
    9.13377e-13
    8.87627e-13
    8.62604e-13
    8.38286e-13
    8.14653e-13
    7.91687e-13
    7.69368e-13
    7.47678e-13
      7.266e-13
    7.06116e-13
    6.86209e-13
    6.66864e-13
    6.48064e-13
    6.29794e-13
    6.12039e-13
    5.94785e-13
    5.78017e-13
    5.61722e-13
    5.45886e-13
    5.30497e-13
    5.15541e-13
    5.01007e-13
    4.86883e-13
    4.73157e-13
    4.59818e-13
    4.46855e-13
    4.34257e-13
    4.22015e-13
    4.10118e-13
    3.98556e-13
     3.8732e-13
    3.76401e-13
    3.65789e-13
    3.55477e-13
    3.45456e-13
    3.35717e-13
    3.26252e-13
    3.17055e-13
    3.08117e-13
     2.9943e-13
    2.90989e-13
    2.82785e-13
    2.74813e-13
    2.67066e-13
    2.59537e-13
     2.5222e-13
     2.4511e-13
      2.382e-13
    2.31484e-13
    2.24959e-13
    2.18617e-13
    2.12453e-13
    2.06464e-13
    2.00643e-13
    1.94987e-13
     1.8949e-13
    1.84148e-13
    1.78957e-13
    1.73912e-13
    1.69009e-13
    1.64244e-13
    1.59614e-13
    1.55114e-13
    1.50741e-13
    1.46491e-13
    1.42362e-13
    1.38348e-13
    1.34448e-13
    1.30658e-13
    1.26974e-13
    1.23395e-13
    1.19916e-13
    1.16535e-13
     1.1325e-13
    1.10057e-13
    1.06955e-13
    1.03939e-13
    1.01009e-13
    9.81616e-14
    9.53943e-14
    9.27049e-14
    9.00914e-14
    8.75516e-14
    8.50834e-14
    8.26848e-14
    8.03538e-14
    7.80885e-14
     7.5887e-14
    7.37476e-14
    7.16686e-14
    6.96481e-14
    6.76846e-14
    6.57765e-14
    6.39222e-14
    6.21201e-14
    6.03688e-14
    5.86669e-14
     5.7013e-14
    5.54057e-14
    5.38438e-14
    5.23258e-14
    5.08507e-14
    4.94171e-14
     4.8024e-14
    4.66701e-14
    4.53544e-14
    4.40758e-14
    4.28332e-14
    4.16257e-14
    4.04522e-14
    3.93118e-14
    3.82035e-14
    3.71265e-14
    3.60798e-14
    3.50627e-14
    3.40742e-14
    3.31136e-14
    3.21801e-14
    3.12729e-14
    3.03913e-14
    2.95345e-14
    2.87019e-14
    2.78927e-14
    2.71064e-14
    2.63422e-14
    2.55996e-14
    2.48779e-14
    2.41765e-14
     2.3495e-14
    2.28326e-14
    2.21889e-14
    2.15634e-14
    2.09555e-14
    2.03647e-14
    1.97906e-14
    1.92327e-14
    1.86905e-14
    1.81635e-14
    1.76515e-14
    1.71539e-14
    1.66703e-14
    1.62003e-14
    1.57436e-14
    1.52998e-14
    1.48684e-14
    1.44493e-14
    1.40419e-14
    1.36461e-14
    1.32614e-14
    1.28875e-14
    1.25242e-14
    1.21711e-14
     1.1828e-14
    1.14945e-14
    1.11705e-14
    1.08556e-14
    1.05495e-14
    1.02521e-14
     9.9631e-15
