              0
              0
              0
              0
              0
              0
              0
              0
     0.00010884
      0.0010884
     0.00112323
     0.00354683
     0.00153419
       0.300315
       0.403173
     0.00347566
      0.0048816
      0.0054428
     0.00447454
       0.207867
     0.00361899
      0.0719051
       0.140376
     0.00395906
      0.0499576
      0.0968234
      0.0510231
       0.346714
      0.0507036
      0.0510876
     0.00479064
      0.0046553
      0.0506941
      0.0987124
      0.0571673
      0.0670146
     0.00433091
      0.0968074
     0.00436431
      0.0357712
      0.0671237
      0.0257639
      0.0187743
        0.15102
       0.109507
      0.0893729
      0.0183597
      0.0038103
     0.00379377
       0.013664
      0.0135285
      0.0540276
      0.0181915
      0.0134242
      0.0180603
      0.0034117
      0.0178321
      0.0421264
     0.00321408
      0.0228717
      0.0274781
      0.0263049
      0.0241971
      0.0195099
      0.0220006
      0.0127176
     0.00736436
      0.0125476
      0.0216056
     0.00929583
     0.00251541
     0.00706898
     0.00240849
      0.0121606
     0.00230895
     0.00226184
     0.00433079
      0.0134406
      0.0083216
     0.00515493
     0.00199853
      0.0019663
     0.00612477
     0.00496202
     0.00326065
     0.00178099
     0.00696358
      0.0153299
     0.00765985
     0.00260017
     0.00468632
       0.002975
     0.00671487
      0.0035744
     0.00881501
     0.00236651
       0.011115
     0.00276264
     0.00273019
     0.00270137
     0.00220776
     0.00218401
     0.00591353
     0.00211369
     0.00274857
     0.00272718
      0.0010535
     0.00169287
     0.00100612
      0.0017325
     0.00238773
     0.00123298
     0.00201879
    0.000883655
     0.00152091
     0.00225696
      0.0022964
    0.000793087
     0.00174214
     0.00075038
      0.0018438
     0.00137245
     0.00120918
     0.00165325
     0.00065514
     0.00130398
     0.00123443
    0.000954953
     0.00160341
    0.000573306
    0.000866066
    0.000894016
    0.000736978
    0.000968137
    0.000502622
     0.00110083
    0.000826269
    0.000977535
    0.000592594
    0.000578523
    0.000426915
    0.000862528
    0.000610882
    0.000862839
    0.000775965
    0.000677325
    0.000363021
     0.00080325
    0.000388437
    0.000945292
    0.000323592
    0.000411961
    0.000992597
    0.000484843
    0.000498997
    0.000313623
    0.000466747
    0.000440746
    0.000632805
    0.000557594
    0.000312282
    0.000534167
    0.000540265
    0.000413057
     0.00042926
    0.000249231
    0.000274298
    0.000554176
    0.000241721
    0.000323193
    0.000207736
    0.000361977
    0.000186421
    0.000410497
    0.000225581
    0.000162523
    0.000158119
     0.00015347
     0.00014972
    0.000145524
     0.00019585
    0.000143855
    0.000147838
    0.000226049
    0.000142509
    0.000132528
    0.000119561
    0.000143347
    0.000157672
    0.000119278
    0.000131975
    0.000113524
    0.000105503
    0.000118895
      0.0001082
    9.27873e-05
    9.03567e-05
    0.000101842
    8.83773e-05
    0.000123519
    8.26809e-05
    8.79542e-05
    7.63664e-05
     7.6282e-05
    9.27167e-05
     7.0077e-05
    7.77209e-05
     6.6222e-05
    6.44753e-05
      6.909e-05
    6.96425e-05
    7.39631e-05
    5.75401e-05
    9.69612e-05
    6.83665e-05
    5.28621e-05
    5.13803e-05
     7.0335e-05
    8.22027e-05
    4.72231e-05
    5.03439e-05
    4.45923e-05
    6.40142e-05
    4.99809e-05
    4.53603e-05
    5.07489e-05
    3.87405e-05
     6.8458e-05
    4.10079e-05
    4.80616e-05
    3.50225e-05
    3.36377e-05
    3.80528e-05
    3.17595e-05
    3.80071e-05
    3.09613e-05
    3.62865e-05
    3.48571e-05
    4.81887e-05
    2.76575e-05
    2.60593e-05
    2.53245e-05
    2.46226e-05
    2.61752e-05
    4.71936e-05
    2.39889e-05
    2.29283e-05
    2.27492e-05
    2.18311e-05
     2.0193e-05
    1.97596e-05
    2.10436e-05
    1.85337e-05
    1.80315e-05
     1.8145e-05
    2.36481e-05
    1.65455e-05
    1.60797e-05
    1.58318e-05
    1.76613e-05
    1.48642e-05
    1.48525e-05
    2.34927e-05
    1.50468e-05
    1.41202e-05
    1.28204e-05
    1.24524e-05
    1.21015e-05
    1.83157e-05
    1.20063e-05
    1.21167e-05
    1.37977e-05
    1.12635e-05
    1.26481e-05
    1.00268e-05
    9.99719e-06
    1.23666e-05
    1.00998e-05
    1.10308e-05
    8.60839e-06
    8.65685e-06
    8.12899e-06
    7.99417e-06
    8.11035e-06
    7.46502e-06
    7.25546e-06
    7.99943e-06
    7.12781e-06
    8.00113e-06
    6.91075e-06
    6.29194e-06
    6.49931e-06
    5.94504e-06
    5.77756e-06
    5.61356e-06
      5.496e-06
    5.53603e-06
    5.19826e-06
     5.2752e-06
    4.86857e-06
    4.74626e-06
    4.64304e-06
    4.47138e-06
    4.34721e-06
    4.31694e-06
    4.10343e-06
    4.09548e-06
    3.87673e-06
    3.83215e-06
    4.11914e-06
     3.5614e-06
    3.48997e-06
    3.36681e-06
    3.36023e-06
    3.17614e-06
    3.09186e-06
    3.00009e-06
     3.3044e-06
    2.86287e-06
    2.75537e-06
    2.81308e-06
    2.74088e-06
    2.53107e-06
    2.45762e-06
    2.43149e-06
    2.41791e-06
    2.44337e-06
    2.32933e-06
    2.14724e-06
    2.09084e-06
     2.0128e-06
    1.96954e-06
    2.08083e-06
     2.0592e-06
    1.79587e-06
    1.75861e-06
    1.69611e-06
    1.78367e-06
    1.60347e-06
    1.56606e-06
     1.6498e-06
    1.47471e-06
    1.43331e-06
    1.39425e-06
    1.34967e-06
    1.50689e-06
    1.29031e-06
    1.24033e-06
     1.2177e-06
     1.1711e-06
    1.13779e-06
    1.18067e-06
    1.07838e-06
    1.05106e-06
    1.03028e-06
    9.90363e-07
    9.58246e-07
    1.13341e-06
    9.06604e-07
    8.79721e-07
    8.54971e-07
    8.32073e-07
    8.09376e-07
    9.28707e-07
    7.76172e-07
    7.45341e-07
    7.20773e-07
    6.99884e-07
    6.82729e-07
    6.61164e-07
    6.42487e-07
    6.24602e-07
    6.07763e-07
    5.90624e-07
    5.73186e-07
    5.57053e-07
    5.47601e-07
    5.32693e-07
    5.11448e-07
    4.96915e-07
    4.85473e-07
    4.69416e-07
    4.56149e-07
    4.48977e-07
     4.3085e-07
    4.18703e-07
    4.06867e-07
    4.09011e-07
    3.88533e-07
    3.73511e-07
    3.63188e-07
    3.54685e-07
    3.43006e-07
    3.48642e-07
    3.33029e-07
    3.14713e-07
    3.06787e-07
    2.97305e-07
    2.90148e-07
    2.81328e-07
    2.72772e-07
    2.67117e-07
     2.7763e-07
    2.53296e-07
    2.44021e-07
    2.36541e-07
     2.3906e-07
    2.31891e-07
    2.17057e-07
    2.11573e-07
    2.14227e-07
    1.99248e-07
    1.93607e-07
    1.88877e-07
    1.82856e-07
    1.77826e-07
    1.72728e-07
    1.67853e-07
    1.63754e-07
    1.64798e-07
    1.54106e-07
     1.4974e-07
    1.45509e-07
    1.41414e-07
     1.3743e-07
    1.34202e-07
    1.29791e-07
    1.26179e-07
    1.22625e-07
    1.20479e-07
    1.15795e-07
    1.15428e-07
    1.09348e-07
     1.0627e-07
    1.03274e-07
    1.00369e-07
    9.75358e-08
    9.48267e-08
    9.21174e-08
    8.95731e-08
    8.70059e-08
    8.45573e-08
    8.21732e-08
    7.98728e-08
    7.76208e-08
    7.54218e-08
    7.32967e-08
    7.12304e-08
    6.92261e-08
    6.72853e-08
    6.53782e-08
     6.3557e-08
    6.17561e-08
    6.00106e-08
    5.83202e-08
    5.66744e-08
    5.50826e-08
    5.35264e-08
    5.20188e-08
    5.05543e-08
    4.91467e-08
    4.77413e-08
    4.64208e-08
    4.50948e-08
    4.38199e-08
    4.25855e-08
    4.13933e-08
    4.02285e-08
    3.90898e-08
     3.7985e-08
    3.69149e-08
    3.58769e-08
    3.48687e-08
    3.38815e-08
    3.29358e-08
    3.49046e-08
    3.10977e-08
    3.02232e-08
     2.9372e-08
    2.85417e-08
    2.77392e-08
    2.89256e-08
    2.61969e-08
    2.54579e-08
    2.47495e-08
    2.40432e-08
    2.33759e-08
    2.27083e-08
    2.20679e-08
    2.14462e-08
    2.08434e-08
    2.02578e-08
    1.96845e-08
    1.91291e-08
    1.85899e-08
     1.8066e-08
     1.7559e-08
    1.70618e-08
    1.65847e-08
    1.70289e-08
    1.56601e-08
    1.52194e-08
    1.47899e-08
    1.43727e-08
     1.3968e-08
    1.41936e-08
    1.38113e-08
    1.28194e-08
    1.24624e-08
    1.21071e-08
     1.1771e-08
    1.14352e-08
    1.11124e-08
    1.07996e-08
    1.04975e-08
    1.01995e-08
    9.91247e-09
    9.63221e-09
    9.36086e-09
    9.09838e-09
    8.84033e-09
    8.59332e-09
    8.35083e-09
    8.11419e-09
    7.88588e-09
    7.66332e-09
    7.44734e-09
    7.23733e-09
    7.03327e-09
    6.83492e-09
    6.64232e-09
    6.45693e-09
     6.2732e-09
    6.09845e-09
    5.92446e-09
    5.75766e-09
    5.59534e-09
    5.43795e-09
    5.28525e-09
    5.13547e-09
    4.99075e-09
    4.84991e-09
    4.71336e-09
    4.58097e-09
     4.4514e-09
    4.32659e-09
    4.20451e-09
     4.0855e-09
    3.97043e-09
    3.85849e-09
    3.74972e-09
      3.644e-09
    3.54123e-09
    3.44139e-09
    3.34442e-09
    3.25099e-09
    3.15856e-09
    3.07048e-09
    2.98296e-09
    2.89896e-09
    2.81723e-09
    2.73827e-09
    2.66077e-09
    2.58572e-09
    2.51278e-09
    2.44195e-09
    2.37342e-09
    2.30618e-09
     2.2416e-09
    2.17833e-09
    2.11669e-09
    2.05709e-09
    1.99907e-09
    1.94273e-09
    1.88795e-09
    1.83471e-09
    1.78298e-09
    1.73274e-09
    1.68428e-09
    1.63644e-09
    1.59075e-09
    1.54546e-09
    1.50194e-09
     1.4596e-09
    1.41852e-09
    1.37866e-09
    1.33963e-09
    1.30188e-09
    1.26514e-09
    1.22952e-09
    1.19496e-09
    1.16118e-09
    1.12859e-09
    1.09675e-09
    1.06573e-09
     1.0357e-09
    1.00651e-09
    9.78132e-10
    9.50556e-10
    9.23749e-10
    8.97707e-10
    8.72408e-10
    8.47813e-10
    8.23924e-10
    8.00688e-10
     7.7812e-10
     7.5618e-10
     7.3486e-10
    7.14143e-10
    6.94008e-10
    6.74446e-10
    6.55431e-10
    6.36954e-10
    6.18997e-10
    6.01547e-10
     5.8459e-10
    5.68109e-10
    5.52093e-10
    5.36528e-10
    5.21403e-10
    5.06703e-10
    4.92418e-10
    4.78536e-10
    4.65046e-10
    4.51935e-10
    4.39195e-10
    4.26813e-10
    4.14781e-10
    4.03087e-10
    3.91724e-10
     3.8068e-10
    3.69948e-10
    3.59519e-10
    3.49383e-10
    3.39534e-10
    3.29962e-10
     3.2066e-10
     3.1162e-10
    3.02835e-10
    2.94297e-10
    2.86001e-10
    2.77938e-10
    2.70102e-10
    2.62488e-10
    2.55088e-10
    2.47896e-10
    2.40908e-10
    2.34116e-10
    2.27516e-10
    2.21102e-10
    2.14869e-10
    2.08811e-10
    2.02925e-10
    1.97204e-10
    1.91644e-10
    1.86242e-10
    1.80991e-10
    1.75889e-10
     1.7093e-10
    1.66111e-10
    1.61428e-10
    1.56878e-10
    1.52455e-10
    1.48157e-10
     1.4398e-10
    1.39921e-10
    1.35977e-10
    1.32143e-10
    1.28418e-10
    1.24798e-10
    1.21279e-10
     1.1786e-10
    1.14538e-10
    1.11309e-10
    1.08171e-10
    1.05121e-10
    1.02158e-10
    9.92776e-11
    9.64788e-11
    9.37589e-11
    9.11157e-11
     8.8547e-11
    8.60508e-11
    8.36248e-11
    8.12673e-11
    7.89763e-11
    7.67498e-11
    7.45861e-11
    7.24834e-11
      7.044e-11
    6.84542e-11
    6.65243e-11
    6.46489e-11
    6.28264e-11
    6.10552e-11
     5.9334e-11
    5.76612e-11
    5.60357e-11
    5.44559e-11
    5.29207e-11
    5.14288e-11
     4.9979e-11
      4.857e-11
    4.72007e-11
      4.587e-11
    4.45769e-11
    4.33202e-11
    4.20989e-11
    4.09121e-11
    3.97587e-11
    3.86379e-11
    3.75486e-11
    3.64901e-11
    3.54613e-11
    3.44616e-11
    3.34901e-11
     3.2546e-11
    3.16284e-11
    3.07368e-11
    2.98703e-11
    2.90282e-11
    2.82098e-11
    2.74145e-11
    2.66417e-11
    2.58906e-11
    2.51607e-11
    2.44514e-11
    2.37621e-11
    2.30922e-11
    2.24412e-11
    2.18085e-11
    2.11937e-11
    2.05962e-11
    2.00156e-11
    1.94513e-11
     1.8903e-11
    1.83701e-11
    1.78522e-11
    1.73489e-11
    1.68598e-11
    1.63845e-11
    1.59226e-11
    1.54737e-11
    1.50375e-11
    1.46135e-11
    1.42016e-11
    1.38012e-11
    1.34121e-11
     1.3034e-11
    1.26666e-11
    1.23095e-11
    1.19625e-11
    1.16252e-11
    1.12975e-11
     1.0979e-11
    1.06695e-11
    1.03687e-11
    1.00764e-11
     9.7923e-12
    9.51624e-12
    9.24797e-12
    8.98725e-12
    8.73389e-12
    8.48766e-12
    8.24838e-12
    8.01585e-12
    7.78987e-12
    7.57026e-12
    7.35684e-12
    7.14944e-12
    6.94789e-12
    6.75202e-12
    6.56167e-12
    6.37668e-12
    6.19691e-12
    6.02221e-12
    5.85244e-12
    5.68745e-12
    5.52711e-12
    5.37129e-12
    5.21987e-12
    5.07271e-12
     4.9297e-12
    4.79073e-12
    4.65567e-12
    4.52442e-12
    4.39687e-12
    4.27291e-12
    4.15245e-12
    4.03539e-12
    3.92162e-12
    3.81107e-12
    3.70363e-12
    3.59922e-12
    3.49775e-12
    3.39914e-12
    3.30332e-12
    3.21019e-12
    3.11969e-12
    3.03174e-12
    2.94627e-12
    2.86321e-12
    2.78249e-12
    2.70405e-12
    2.62782e-12
    2.55374e-12
    2.48174e-12
    2.41178e-12
    2.34379e-12
    2.27771e-12
     2.2135e-12
     2.1511e-12
    2.09045e-12
    2.03152e-12
    1.97425e-12
    1.91859e-12
     1.8645e-12
    1.81194e-12
    1.76086e-12
    1.71122e-12
    1.66298e-12
    1.61609e-12
    1.57053e-12
    1.52626e-12
    1.48323e-12
    1.44142e-12
    1.40078e-12
    1.36129e-12
    1.32291e-12
    1.28562e-12
    1.24937e-12
    1.21415e-12
    1.17992e-12
    1.14666e-12
    1.11433e-12
    1.08292e-12
    1.05239e-12
    1.02272e-12
    9.93889e-13
    9.65869e-13
     9.3864e-13
    9.12178e-13
    8.86463e-13
    8.61472e-13
    8.37186e-13
    8.13584e-13
    7.90648e-13
    7.68358e-13
    7.46697e-13
    7.25646e-13
    7.05189e-13
    6.85309e-13
    6.65989e-13
    6.47214e-13
    6.28968e-13
    6.11236e-13
    5.94004e-13
    5.77258e-13
    5.60985e-13
     5.4517e-13
      5.298e-13
    5.14865e-13
     5.0035e-13
    4.86244e-13
    4.72536e-13
    4.59215e-13
    4.46269e-13
    4.33688e-13
    4.21461e-13
     4.0958e-13
    3.98033e-13
    3.86812e-13
    3.75907e-13
    3.65309e-13
    3.55011e-13
    3.45002e-13
    3.35276e-13
    3.25824e-13
    3.16639e-13
    3.07712e-13
    2.99037e-13
    2.90607e-13
    2.82414e-13
    2.74453e-13
    2.66715e-13
    2.59196e-13
    2.51889e-13
    2.44788e-13
    2.37887e-13
    2.31181e-13
    2.24663e-13
     2.1833e-13
    2.12175e-13
    2.06193e-13
     2.0038e-13
    1.94731e-13
    1.89241e-13
    1.83906e-13
    1.78722e-13
    1.73683e-13
    1.68787e-13
    1.64029e-13
    1.59404e-13
     1.5491e-13
    1.50543e-13
    1.46299e-13
    1.42175e-13
    1.38167e-13
    1.34272e-13
    1.30486e-13
    1.26808e-13
    1.23233e-13
    1.19759e-13
    1.16382e-13
    1.13101e-13
    1.09913e-13
    1.06814e-13
    1.03803e-13
    1.00877e-13
    9.80328e-14
    9.52691e-14
    9.25833e-14
    8.99732e-14
    8.74367e-14
    8.49718e-14
    8.25763e-14
    8.02483e-14
     7.7986e-14
    7.57874e-14
    7.36509e-14
    7.15745e-14
    6.95567e-14
    6.75958e-14
    6.56902e-14
    6.38383e-14
    6.20386e-14
    6.02896e-14
      5.859e-14
    5.69382e-14
     5.5333e-14
    5.37731e-14
    5.22572e-14
     5.0784e-14
    4.93523e-14
     4.7961e-14
    4.66089e-14
    4.52949e-14
     4.4018e-14
     4.2777e-14
    4.15711e-14
    4.03991e-14
    3.92602e-14
    3.81534e-14
    3.70778e-14
    3.60325e-14
    3.50167e-14
    3.40295e-14
    3.30702e-14
    3.21379e-14
    3.12319e-14
    3.03514e-14
    2.94957e-14
    2.86642e-14
    2.78561e-14
    2.70708e-14
    2.63076e-14
     2.5566e-14
    2.48452e-14
    2.41448e-14
    2.34641e-14
    2.28026e-14
    2.21598e-14
    2.15351e-14
     2.0928e-14
     2.0338e-14
    1.97646e-14
    1.92074e-14
    1.86659e-14
    1.81397e-14
    1.76283e-14
    1.71314e-14
    1.66484e-14
     1.6179e-14
    1.57229e-14
    1.52797e-14
    1.48489e-14
    1.44303e-14
    1.40235e-14
    1.36282e-14
     1.3244e-14
    1.28706e-14
    1.25077e-14
    1.21551e-14
    1.18125e-14
    1.14794e-14
    1.11558e-14
    1.08413e-14
    1.05357e-14
    1.02387e-14
    9.95003e-15
