              0
              0
              0
              0
              0
              0
              0
              0
    0.000301742
     0.00137939
     0.00101299
     0.00127848
     0.00257719
     0.00379765
     0.00288881
     0.00446492
     0.00516313
     0.00537983
     0.00390474
     0.00330694
     0.00570767
     0.00409448
     0.00329451
     0.00453224
     0.00417816
     0.00418343
     0.00408317
     0.00481554
      0.0048129
     0.00480748
     0.00478826
     0.00425995
     0.00453775
     0.00374954
     0.00417689
     0.00419789
     0.00423019
     0.00408145
     0.00471883
     0.00402416
     0.00446586
     0.00456058
     0.00400842
     0.00481715
     0.00441837
     0.00412131
     0.00406099
     0.00380843
     0.00389817
     0.00361579
     0.00359205
     0.00367288
     0.00341847
      0.0035956
     0.00337957
     0.00341471
     0.00319408
     0.00320877
     0.00322795
      0.0030736
     0.00308206
     0.00300847
     0.00310687
     0.00295552
      0.0029214
     0.00277888
     0.00272672
     0.00263006
     0.00247761
     0.00254469
     0.00249322
     0.00246743
     0.00236796
     0.00231248
     0.00230238
     0.00219557
     0.00217631
     0.00211643
     0.00206854
     0.00195685
     0.00200072
     0.00188012
     0.00188533
     0.00182862
     0.00176557
     0.00172542
     0.00176939
     0.00166229
     0.00164443
     0.00158578
     0.00156484
     0.00149521
     0.00148159
     0.00143578
     0.00140159
     0.00138275
     0.00131529
     0.00127415
     0.00126614
     0.00122989
     0.00120976
     0.00118249
     0.00113607
     0.00110994
     0.00108357
     0.00104945
     0.00104334
     0.00101161
    0.000967626
    0.000959577
    0.000938456
    0.000901111
    0.000890246
    0.000860604
    0.000850075
     0.00080814
      0.0007908
    0.000772605
    0.000754508
     0.00073852
    0.000723254
    0.000692229
    0.000679218
    0.000661588
    0.000645098
    0.000626531
    0.000608043
    0.000590231
    0.000584902
    0.000567631
    0.000550732
    0.000533781
    0.000519793
    0.000499513
    0.000492749
    0.000476366
    0.000462209
    0.000450114
     0.00044092
    0.000427032
    0.000416456
    0.000411934
    0.000399836
    0.000383916
    0.000374145
    0.000363163
    0.000353684
    0.000345467
    0.000333643
    0.000325442
    0.000316358
     0.00030764
    0.000300077
    0.000294953
    0.000287233
    0.000277375
    0.000268525
    0.000260861
    0.000255199
    0.000246805
    0.000240581
    0.000234031
    0.000227462
    0.000221783
    0.000217547
    0.000211093
    0.000204458
      0.0001983
    0.000192865
    0.000187516
    0.000182733
    0.000177459
    0.000171888
     0.00016763
    0.000162769
     0.00015865
    0.000156163
    0.000151523
    0.000146014
    0.000141927
    0.000138708
    0.000134269
    0.000130595
    0.000126603
    0.000123908
     0.00011982
    0.000116745
     0.00011332
    0.000111533
     0.00010801
    0.000104327
    0.000101675
    9.89232e-05
    9.63693e-05
    9.35682e-05
    9.09123e-05
    8.82947e-05
       8.63e-05
    8.34129e-05
    8.14468e-05
     7.9645e-05
    7.72888e-05
    7.47514e-05
    7.26412e-05
    7.09105e-05
    6.86597e-05
    6.66728e-05
    6.48443e-05
      6.318e-05
    6.13259e-05
    5.95746e-05
    5.83376e-05
    5.67066e-05
    5.47978e-05
    5.32273e-05
    5.18026e-05
    5.04576e-05
    4.89089e-05
    4.76028e-05
    4.62301e-05
    4.49745e-05
    4.36692e-05
    4.25172e-05
    4.15739e-05
    4.04415e-05
    3.90449e-05
     3.7947e-05
     3.6923e-05
    3.59454e-05
    3.48683e-05
    3.39317e-05
    3.30065e-05
    3.20202e-05
    3.11156e-05
    3.02625e-05
    2.95851e-05
     2.8818e-05
    2.78163e-05
    2.70091e-05
    2.63264e-05
    2.55788e-05
    2.48042e-05
    2.41402e-05
    2.34867e-05
    2.27923e-05
    2.21458e-05
    2.15423e-05
     2.1046e-05
    2.04925e-05
    1.98121e-05
    1.92295e-05
    1.87365e-05
    1.82066e-05
    1.76593e-05
    1.71982e-05
    1.67189e-05
    1.62322e-05
    1.57639e-05
    1.54139e-05
    1.49799e-05
    1.45117e-05
    1.40954e-05
    1.36946e-05
    1.33302e-05
    1.29361e-05
    1.25745e-05
     1.2239e-05
    1.18816e-05
    1.15605e-05
    1.12347e-05
     1.0989e-05
    1.06605e-05
    1.03388e-05
    1.00253e-05
    9.74763e-06
     9.4805e-06
    9.19876e-06
    8.95086e-06
    8.70426e-06
    8.45126e-06
    8.22139e-06
    7.98461e-06
    7.80119e-06
    7.58214e-06
    7.34208e-06
    7.12756e-06
    6.93095e-06
    6.73692e-06
    6.54645e-06
    6.36184e-06
    6.18857e-06
     6.0096e-06
     5.8458e-06
    5.67979e-06
    5.54392e-06
     5.3903e-06
      5.219e-06
    5.06495e-06
    4.92865e-06
    4.78984e-06
    4.65361e-06
    4.52319e-06
    4.39799e-06
    4.27221e-06
    4.15353e-06
    4.03724e-06
    3.94011e-06
    3.83211e-06
    3.70865e-06
    3.60194e-06
    3.50199e-06
    3.40558e-06
    3.30709e-06
    3.21676e-06
    3.12697e-06
    3.03829e-06
    2.95318e-06
    2.88101e-06
    2.80004e-06
    2.71289e-06
    2.63445e-06
    2.56175e-06
    2.49059e-06
     2.4183e-06
    2.35069e-06
    2.28527e-06
    2.22104e-06
    2.15829e-06
    2.09891e-06
    2.04696e-06
     1.9895e-06
    1.92733e-06
    1.87167e-06
    1.82055e-06
    1.76935e-06
    1.71829e-06
    1.67023e-06
    1.62397e-06
    1.57808e-06
    1.53368e-06
    1.49059e-06
    1.45439e-06
    1.41314e-06
    1.36919e-06
    1.32964e-06
    1.29384e-06
    1.25724e-06
    1.22055e-06
     1.1876e-06
    1.15402e-06
    1.12098e-06
    1.08953e-06
      1.059e-06
    1.03308e-06
    1.00388e-06
    9.72741e-07
    9.44927e-07
    9.18703e-07
     8.9303e-07
      8.674e-07
    8.43114e-07
    8.19429e-07
    7.96329e-07
    7.74001e-07
    7.54749e-07
    7.33475e-07
    7.11107e-07
    6.90615e-07
    6.71537e-07
    6.52714e-07
    6.34001e-07
    6.16311e-07
     5.9887e-07
    5.81962e-07
    5.65659e-07
    5.49818e-07
    5.36017e-07
    5.21006e-07
    5.04954e-07
    4.90568e-07
    4.76916e-07
    4.63574e-07
    4.50301e-07
    4.37628e-07
    4.25346e-07
    4.13351e-07
    4.01688e-07
    3.90511e-07
    3.80647e-07
    3.69943e-07
    3.58619e-07
    3.48357e-07
    3.38674e-07
    3.29234e-07
    3.19781e-07
    3.10788e-07
    3.02054e-07
    2.93543e-07
    2.85251e-07
    2.77332e-07
    2.70259e-07
    2.62671e-07
     2.5466e-07
     2.4735e-07
    2.40537e-07
    2.33786e-07
    2.27058e-07
    2.20703e-07
    2.14529e-07
    2.08449e-07
    2.02594e-07
    1.97437e-07
    1.91872e-07
    1.86074e-07
    1.80746e-07
    1.75705e-07
    1.70841e-07
    1.65919e-07
    1.61268e-07
    1.56726e-07
    1.52342e-07
     1.4805e-07
    1.43885e-07
    1.40204e-07
    1.36271e-07
    1.32121e-07
    1.28338e-07
    1.24784e-07
    1.21292e-07
    1.17807e-07
    1.14514e-07
    1.11298e-07
     1.0815e-07
     1.0511e-07
    1.02159e-07
     9.9551e-08
    9.67438e-08
    9.38122e-08
    9.11247e-08
    8.86004e-08
    8.61155e-08
     8.3647e-08
    8.13034e-08
    7.90222e-08
    7.67856e-08
    7.46272e-08
     7.2529e-08
    7.06675e-08
    6.86729e-08
    6.66048e-08
    6.46965e-08
    6.29074e-08
    6.11368e-08
    5.93857e-08
    5.77261e-08
    5.61026e-08
     5.4512e-08
    5.29822e-08
    5.16071e-08
    5.01577e-08
    4.86585e-08
    4.72684e-08
    4.59464e-08
    4.46669e-08
    4.33872e-08
    4.21679e-08
    4.09817e-08
    3.98275e-08
    3.87016e-08
    3.76195e-08
    3.66389e-08
    3.56069e-08
    3.45408e-08
    3.35542e-08
     3.2622e-08
     3.1707e-08
    3.07999e-08
    2.99362e-08
    2.90963e-08
    2.82712e-08
    2.74755e-08
    2.67063e-08
    2.60086e-08
    2.52752e-08
    2.45203e-08
    2.38201e-08
     2.3158e-08
     2.2508e-08
     2.1864e-08
    2.12515e-08
    2.06543e-08
    2.00696e-08
    1.95046e-08
    1.89571e-08
    1.84603e-08
    1.79407e-08
    1.74064e-08
    1.69093e-08
    1.64391e-08
    1.59773e-08
    1.55207e-08
    1.50856e-08
    1.46617e-08
    1.42467e-08
    1.38456e-08
    1.34568e-08
    1.31031e-08
    1.27343e-08
    1.23559e-08
    1.20032e-08
    1.16692e-08
    1.13414e-08
    1.10175e-08
    1.07085e-08
    1.04075e-08
     1.0113e-08
    9.82831e-09
    9.56894e-09
    9.29937e-09
    9.02538e-09
    8.76819e-09
    8.52253e-09
    8.28422e-09
     8.0481e-09
    7.82163e-09
    7.60159e-09
    7.38701e-09
    7.17874e-09
    6.97721e-09
     6.7921e-09
    6.60104e-09
    6.40599e-09
    6.22353e-09
    6.04998e-09
    5.88003e-09
    5.71225e-09
    5.55205e-09
    5.39586e-09
    5.24328e-09
    5.09561e-09
    4.95246e-09
    4.82088e-09
    4.68518e-09
    4.54696e-09
    4.41746e-09
    4.29429e-09
    4.17358e-09
    4.05459e-09
    3.94081e-09
       3.83e-09
    3.72168e-09
    3.61688e-09
    3.51525e-09
    3.42162e-09
    3.32529e-09
    3.22739e-09
    3.13549e-09
    3.04803e-09
    2.96235e-09
    2.87793e-09
    2.79715e-09
    2.71849e-09
    2.64162e-09
    2.56723e-09
    2.49864e-09
    2.42824e-09
    2.35726e-09
    2.29021e-09
    2.22598e-09
    2.16364e-09
    2.10209e-09
    2.04292e-09
    1.98543e-09
     1.9294e-09
      1.875e-09
    1.82232e-09
    1.77343e-09
    1.72352e-09
    1.67302e-09
    1.62545e-09
    1.58003e-09
    1.53562e-09
     1.4919e-09
    1.45002e-09
    1.40921e-09
    1.36938e-09
    1.33081e-09
     1.2934e-09
    1.25866e-09
    1.22322e-09
    1.18742e-09
    1.15366e-09
    1.12143e-09
    1.08989e-09
    1.05888e-09
    1.02914e-09
    1.00019e-09
     9.7192e-10
    9.44547e-10
    9.17989e-10
     8.9216e-10
    8.67074e-10
    8.42601e-10
    8.18809e-10
    7.95784e-10
    7.73329e-10
    7.51487e-10
    7.30308e-10
    7.09737e-10
    6.89714e-10
    6.70274e-10
    6.51374e-10
    6.33024e-10
    6.15181e-10
    5.97839e-10
    5.80979e-10
    5.64602e-10
    5.48681e-10
    5.33214e-10
    5.18177e-10
     5.0357e-10
    4.89372e-10
    4.75577e-10
    4.62169e-10
     4.4914e-10
    4.36478e-10
    4.24174e-10
    4.12215e-10
    4.00595e-10
    3.89301e-10
    3.78326e-10
     3.6766e-10
    3.57295e-10
    3.47223e-10
    3.37434e-10
    3.27921e-10
    3.18677e-10
    3.09693e-10
    3.00962e-10
    2.92478e-10
    2.84232e-10
    2.76219e-10
    2.68432e-10
    2.60865e-10
     2.5351e-10
    2.46364e-10
    2.39418e-10
    2.32669e-10
    2.26109e-10
    2.19735e-10
     2.1354e-10
     2.0752e-10
     2.0167e-10
    1.95985e-10
    1.90459e-10
     1.8509e-10
    1.79872e-10
    1.74801e-10
    1.69873e-10
    1.65084e-10
     1.6043e-10
    1.55908e-10
    1.51512e-10
    1.47241e-10
     1.4309e-10
    1.39056e-10
    1.35136e-10
    1.31326e-10
    1.27624e-10
    1.24026e-10
    1.20529e-10
    1.17131e-10
    1.13829e-10
     1.1062e-10
    1.07502e-10
    1.04471e-10
    1.01526e-10
    9.86637e-11
    9.58823e-11
    9.31792e-11
    9.05523e-11
    8.79995e-11
    8.55187e-11
    8.31078e-11
    8.07648e-11
    7.84879e-11
    7.62752e-11
    7.41249e-11
    7.20352e-11
    7.00044e-11
    6.80309e-11
     6.6113e-11
    6.42492e-11
    6.24379e-11
    6.06777e-11
    5.89671e-11
    5.73047e-11
    5.56892e-11
    5.41192e-11
    5.25935e-11
    5.11108e-11
    4.96699e-11
    4.82696e-11
    4.69089e-11
    4.55864e-11
    4.43013e-11
    4.30523e-11
    4.18386e-11
    4.06591e-11
    3.95129e-11
     3.8399e-11
    3.73164e-11
    3.62644e-11
    3.52421e-11
    3.42485e-11
     3.3283e-11
    3.23447e-11
    3.14329e-11
    3.05467e-11
    2.96856e-11
    2.88487e-11
    2.80354e-11
     2.7245e-11
     2.6477e-11
    2.57305e-11
    2.50051e-11
    2.43002e-11
    2.36151e-11
    2.29494e-11
    2.23024e-11
    2.16737e-11
    2.10627e-11
    2.04689e-11
    1.98918e-11
     1.9331e-11
    1.87861e-11
    1.82565e-11
    1.77418e-11
    1.72416e-11
    1.67555e-11
    1.62832e-11
    1.58241e-11
     1.5378e-11
    1.49445e-11
    1.45232e-11
    1.41138e-11
    1.37159e-11
    1.33292e-11
    1.29534e-11
    1.25882e-11
    1.22334e-11
    1.18885e-11
    1.15533e-11
    1.12276e-11
    1.09111e-11
    1.06035e-11
    1.03046e-11
    1.00141e-11
    9.73175e-12
     9.4574e-12
    9.19078e-12
    8.93168e-12
    8.67988e-12
    8.43518e-12
    8.19738e-12
    7.96628e-12
     7.7417e-12
    7.52345e-12
    7.31135e-12
    7.10523e-12
    6.90493e-12
    6.71027e-12
    6.52109e-12
    6.33725e-12
     6.1586e-12
    5.98498e-12
    5.81625e-12
    5.65228e-12
    5.49293e-12
    5.33808e-12
    5.18759e-12
    5.04134e-12
    4.89922e-12
     4.7611e-12
    4.62688e-12
    4.49644e-12
    4.36968e-12
    4.24649e-12
    4.12678e-12
    4.01044e-12
    3.89738e-12
     3.7875e-12
    3.68073e-12
    3.57696e-12
    3.47612e-12
    3.37812e-12
    3.28289e-12
    3.19034e-12
     3.1004e-12
    3.01299e-12
    2.92805e-12
    2.84551e-12
    2.76529e-12
    2.68733e-12
    2.61157e-12
    2.53795e-12
     2.4664e-12
    2.39686e-12
    2.32929e-12
    2.26363e-12
    2.19981e-12
     2.1378e-12
    2.07753e-12
    2.01896e-12
    1.96204e-12
    1.90673e-12
    1.85297e-12
    1.80074e-12
    1.74997e-12
    1.70064e-12
    1.65269e-12
     1.6061e-12
    1.56082e-12
    1.51682e-12
    1.47406e-12
     1.4325e-12
    1.39212e-12
    1.35287e-12
    1.31473e-12
    1.27767e-12
    1.24165e-12
    1.20664e-12
    1.17263e-12
    1.13957e-12
    1.10744e-12
    1.07622e-12
    1.04588e-12
     1.0164e-12
    9.87743e-13
    9.59897e-13
    9.32836e-13
    9.06538e-13
    8.80981e-13
    8.56145e-13
    8.32009e-13
    8.08553e-13
    7.85759e-13
    7.63607e-13
     7.4208e-13
    7.21159e-13
    7.00829e-13
    6.81071e-13
    6.61871e-13
    6.43212e-13
    6.25079e-13
    6.07457e-13
    5.90331e-13
    5.73689e-13
    5.57516e-13
    5.41799e-13
    5.26524e-13
    5.11681e-13
    4.97256e-13
    4.83237e-13
    4.69614e-13
    4.56375e-13
    4.43509e-13
    4.31006e-13
    4.18855e-13
    4.07047e-13
    3.95572e-13
     3.8442e-13
    3.73582e-13
    3.63051e-13
    3.52816e-13
    3.42869e-13
    3.33203e-13
     3.2381e-13
    3.14681e-13
     3.0581e-13
    2.97188e-13
     2.8881e-13
    2.80668e-13
    2.72756e-13
    2.65066e-13
    2.57594e-13
    2.50332e-13
    2.43274e-13
    2.36416e-13
    2.29751e-13
    2.23274e-13
     2.1698e-13
    2.10863e-13
    2.04918e-13
    1.99141e-13
    1.93527e-13
    1.88071e-13
    1.82769e-13
    1.77617e-13
    1.72609e-13
    1.67743e-13
    1.63014e-13
    1.58419e-13
    1.53953e-13
    1.49612e-13
    1.45395e-13
    1.41296e-13
    1.37312e-13
    1.33441e-13
    1.29679e-13
    1.26024e-13
    1.22471e-13
    1.19018e-13
    1.15663e-13
    1.12402e-13
    1.09233e-13
    1.06154e-13
    1.03161e-13
    1.00253e-13
    9.74266e-14
      9.468e-14
    9.20108e-14
    8.94169e-14
    8.68961e-14
    8.44463e-14
    8.20657e-14
    7.97521e-14
    7.75038e-14
    7.53188e-14
    7.31955e-14
     7.1132e-14
    6.91266e-14
    6.71779e-14
     6.5284e-14
    6.34435e-14
     6.1655e-14
    5.99168e-14
    5.82277e-14
    5.65861e-14
    5.49909e-14
    5.34406e-14
     5.1934e-14
    5.04699e-14
    4.90471e-14
    4.76644e-14
    4.63207e-14
    4.50148e-14
    4.37458e-14
    4.25125e-14
     4.1314e-14
    4.01493e-14
    3.90174e-14
    3.79175e-14
    3.68485e-14
    3.58097e-14
    3.48002e-14
    3.38191e-14
    3.28657e-14
    3.19391e-14
    3.10387e-14
    3.01637e-14
    2.93133e-14
     2.8487e-14
    2.76839e-14
    2.69034e-14
     2.6145e-14
    2.54079e-14
    2.46916e-14
    2.39955e-14
     2.3319e-14
    2.26616e-14
    2.20228e-14
    2.14019e-14
    2.07986e-14
    2.02122e-14
    1.96424e-14
    1.90887e-14
    1.85505e-14
    1.80275e-14
    1.75193e-14
    1.70254e-14
    1.65454e-14
     1.6079e-14
    1.56257e-14
    1.51852e-14
    1.47571e-14
    1.43411e-14
    1.39368e-14
    1.35439e-14
    1.31621e-14
     1.2791e-14
    1.24304e-14
      1.208e-14
    1.17394e-14
    1.14085e-14
    1.10868e-14
    1.07743e-14
    1.04705e-14
    1.01754e-14
     9.8885e-15
