              0
              0
              0
              0
              0
              0
              0
              0
    0.000237083
     0.00161647
     0.00134314
     0.00111671
     0.00296811
     0.00236408
     0.00342738
     0.00577774
     0.00604452
     0.00394976
     0.00334648
     0.00371794
     0.00498419
     0.00387024
     0.00372024
     0.00386161
     0.00402545
     0.00424683
     0.00481917
     0.00486285
      0.0048856
     0.00474236
     0.00475356
     0.00451014
     0.00426462
     0.00421313
     0.00385887
     0.00404393
     0.00417843
     0.00450702
     0.00442613
     0.00407267
     0.00456941
     0.00444952
     0.00434853
      0.0045915
     0.00401528
     0.00412758
     0.00397732
     0.00390846
     0.00401196
     0.00361415
     0.00365712
     0.00364872
     0.00348178
     0.00345237
     0.00348807
     0.00345096
     0.00317607
     0.00322024
     0.00324335
     0.00312872
     0.00316274
     0.00294073
     0.00298107
     0.00294395
     0.00281147
     0.00279592
     0.00278624
     0.00271456
     0.00254181
     0.00255112
     0.00245318
     0.00245146
     0.00234897
     0.00231867
     0.00228813
     0.00226742
     0.00216353
     0.00206871
     0.00205372
     0.00203394
     0.00199141
     0.00190201
     0.00184678
     0.00181961
     0.00177558
     0.00172979
     0.00173716
     0.00165339
     0.00166081
     0.00159205
     0.00156124
     0.00150382
     0.00149858
     0.00143176
     0.00137327
     0.00135657
      0.0013142
     0.00129294
     0.00129241
      0.0012422
     0.00119688
     0.00115325
     0.00114701
     0.00111763
     0.00109282
      0.0010648
     0.00102706
     0.00100302
    0.000961948
     0.00095698
    0.000941124
    0.000915276
    0.000892927
      0.0008601
    0.000842275
    0.000815103
    0.000795683
    0.000779586
    0.000747477
    0.000732447
    0.000711025
    0.000695541
     0.00069572
     0.00066206
    0.000645926
    0.000621682
    0.000608165
     0.00059846
    0.000584309
    0.000561034
    0.000547939
    0.000529513
    0.000517354
    0.000500739
    0.000499866
    0.000480424
    0.000462998
    0.000449054
    0.000438204
    0.000430942
    0.000418618
    0.000407086
    0.000396988
    0.000383089
    0.000375656
    0.000362167
    0.000357197
     0.00034689
    0.000334402
    0.000326105
    0.000316083
     0.00031017
    0.000298998
    0.000292955
    0.000285048
    0.000276432
    0.000269032
    0.000260659
    0.000258116
    0.000247719
    0.000240208
    0.000234575
    0.000229513
    0.000221604
    0.000216091
    0.000209312
    0.000203861
    0.000199454
    0.000192532
    0.000188909
    0.000182364
    0.000177579
    0.000172105
    0.000168147
    0.000163997
    0.000158471
    0.000154611
     0.00015035
    0.000145664
    0.000142155
    0.000138556
    0.000135716
    0.000130834
     0.00012736
    0.000123423
    0.000119844
    0.000117385
    0.000113616
    0.000110436
    0.000107627
    0.000104247
    0.000101841
    9.90293e-05
    9.69914e-05
    9.37216e-05
    9.10514e-05
    8.82576e-05
    8.62788e-05
    8.43447e-05
    8.12145e-05
    7.89239e-05
    7.69109e-05
    7.45985e-05
    7.27768e-05
    7.07389e-05
    6.92043e-05
    6.67126e-05
    6.49765e-05
    6.31447e-05
      6.169e-05
    5.96465e-05
    5.80903e-05
    5.63458e-05
    5.48053e-05
    5.32517e-05
    5.17696e-05
    5.06549e-05
    4.90144e-05
    4.75898e-05
    4.63453e-05
     4.4992e-05
    4.39533e-05
    4.26135e-05
    4.13331e-05
    4.02163e-05
    3.90588e-05
    3.79454e-05
    3.69553e-05
     3.6091e-05
    3.48667e-05
     3.3927e-05
    3.30061e-05
    3.20542e-05
    3.13387e-05
    3.03113e-05
    2.94247e-05
    2.86507e-05
    2.78045e-05
    2.70284e-05
    2.63058e-05
    2.57091e-05
    2.48061e-05
    2.41722e-05
    2.35072e-05
    2.28116e-05
    2.22722e-05
    2.15783e-05
     2.0949e-05
    2.03981e-05
    1.97881e-05
    1.92522e-05
    1.87397e-05
    1.82848e-05
    1.76666e-05
    1.71905e-05
    1.67103e-05
    1.63251e-05
    1.57829e-05
    1.53622e-05
    1.49209e-05
    1.45029e-05
    1.41047e-05
    1.36993e-05
    1.33854e-05
    1.29407e-05
    1.25776e-05
    1.22527e-05
    1.18916e-05
    1.16192e-05
    1.12522e-05
     1.0916e-05
    1.06209e-05
    1.03276e-05
    1.00434e-05
    9.74906e-06
    9.52209e-06
    9.20305e-06
     8.9533e-06
    8.70549e-06
    8.45523e-06
    8.26475e-06
    7.99738e-06
    7.76479e-06
    7.55384e-06
    7.33363e-06
    7.13508e-06
    6.93467e-06
    6.76937e-06
    6.54442e-06
    6.36553e-06
    6.18722e-06
    6.01586e-06
    5.87198e-06
     5.6847e-06
    5.52188e-06
     5.3706e-06
    5.21415e-06
    5.07248e-06
    4.92931e-06
    4.81066e-06
    4.65348e-06
    4.52562e-06
    4.39894e-06
    4.27645e-06
    4.17123e-06
    4.04116e-06
    3.92457e-06
    3.81706e-06
    3.70692e-06
    3.60496e-06
    3.50411e-06
    3.42322e-06
    3.30674e-06
    3.21683e-06
     3.1272e-06
    3.04946e-06
    2.95529e-06
    2.87275e-06
    2.79069e-06
    2.71188e-06
    2.63615e-06
    2.56242e-06
    2.50034e-06
    2.41982e-06
    2.35149e-06
    2.28557e-06
    2.22218e-06
    2.16691e-06
    2.10042e-06
    2.03976e-06
    1.98347e-06
    1.92645e-06
    1.87398e-06
    1.82044e-06
    1.77614e-06
    1.71849e-06
    1.67109e-06
    1.62422e-06
    1.57864e-06
    1.53926e-06
    1.49236e-06
    1.44918e-06
    1.40965e-06
    1.36881e-06
    1.33123e-06
    1.29341e-06
    1.26146e-06
    1.22111e-06
    1.18779e-06
    1.15387e-06
    1.12189e-06
    1.09349e-06
    1.06026e-06
    1.02954e-06
     1.0011e-06
    9.72436e-07
    9.45719e-07
    9.18889e-07
    8.96157e-07
    8.67338e-07
    8.43478e-07
    8.19683e-07
    7.98975e-07
    7.74675e-07
    7.52912e-07
    7.31457e-07
     7.1098e-07
    6.91051e-07
    6.71747e-07
    6.54842e-07
    6.34224e-07
    6.16307e-07
    5.99112e-07
     5.8221e-07
    5.67627e-07
    5.50337e-07
    5.34525e-07
     5.1964e-07
    5.04834e-07
    4.90826e-07
    4.77157e-07
    4.64998e-07
    4.50358e-07
     4.3776e-07
    4.25466e-07
    4.13579e-07
    4.03077e-07
    3.90752e-07
    3.79605e-07
    3.69042e-07
    3.58543e-07
    3.48581e-07
    3.38806e-07
    3.30226e-07
     3.1983e-07
     3.1087e-07
    3.02139e-07
    2.93714e-07
    2.86209e-07
    2.77493e-07
    2.69561e-07
    2.62063e-07
    2.54612e-07
    2.47564e-07
    2.40563e-07
    2.34477e-07
     2.2709e-07
     2.2079e-07
    2.14568e-07
    2.09021e-07
    2.02705e-07
    1.97084e-07
    1.91451e-07
    1.86065e-07
    1.80873e-07
    1.75779e-07
    1.71273e-07
     1.6597e-07
    1.61313e-07
    1.56803e-07
    1.52372e-07
    1.48446e-07
    1.43984e-07
    1.39906e-07
    1.35977e-07
    1.32122e-07
    1.28421e-07
    1.24819e-07
    1.21608e-07
    1.17833e-07
    1.14547e-07
    1.11333e-07
    1.08193e-07
     1.0541e-07
    1.02231e-07
    9.93316e-08
     9.6547e-08
    9.38071e-08
    9.11833e-08
    8.86229e-08
    8.63339e-08
    8.36667e-08
    8.13307e-08
    7.90428e-08
    7.68158e-08
    7.48249e-08
    7.25849e-08
    7.05185e-08
    6.85469e-08
     6.6598e-08
    6.47378e-08
     6.2918e-08
    6.12882e-08
    5.93995e-08
    5.77424e-08
    5.61175e-08
    5.46388e-08
    5.30159e-08
    5.15345e-08
    5.00683e-08
    4.86578e-08
    4.72951e-08
    4.59583e-08
    4.47685e-08
     4.3399e-08
    4.21792e-08
    4.09972e-08
    3.98411e-08
    3.87947e-08
     3.7644e-08
    3.65723e-08
    3.55503e-08
    3.45383e-08
    3.35744e-08
    3.26303e-08
    3.17773e-08
    3.08062e-08
    2.99445e-08
    2.91054e-08
     2.8283e-08
    2.75389e-08
    2.67239e-08
    2.59617e-08
     2.5238e-08
    2.45194e-08
    2.38344e-08
    2.31641e-08
    2.25552e-08
    2.18693e-08
     2.1258e-08
      2.066e-08
    2.00782e-08
    1.95478e-08
    1.89697e-08
    1.84298e-08
    1.79148e-08
    1.74058e-08
    1.69192e-08
    1.64433e-08
    1.60098e-08
    1.55245e-08
    1.50901e-08
    1.46659e-08
    1.42527e-08
    1.38752e-08
    1.34656e-08
    1.30825e-08
    1.27168e-08
    1.23557e-08
    1.20101e-08
    1.16722e-08
    1.13636e-08
    1.10202e-08
    1.07117e-08
    1.04105e-08
    1.01321e-08
    9.83364e-09
    9.55838e-09
    9.28753e-09
    9.02583e-09
    8.77272e-09
    8.52486e-09
    8.29945e-09
    8.05032e-09
    7.82378e-09
    7.60392e-09
     7.3899e-09
    7.19268e-09
    6.98133e-09
    6.78295e-09
    6.59323e-09
    6.40604e-09
    6.22684e-09
    6.05155e-09
    5.89045e-09
    5.71376e-09
    5.55361e-09
    5.39751e-09
    5.24533e-09
    5.10516e-09
     4.9554e-09
    4.81463e-09
    4.67987e-09
    4.54712e-09
     4.4198e-09
    4.29541e-09
    4.18075e-09
    4.05563e-09
    3.94199e-09
    3.83111e-09
    3.72316e-09
     3.6234e-09
    3.51732e-09
     3.4174e-09
    3.32174e-09
    3.22753e-09
    3.13713e-09
    3.04884e-09
    2.96725e-09
    2.87867e-09
    2.79798e-09
    2.71928e-09
    2.64584e-09
    2.56851e-09
    2.49652e-09
    2.42584e-09
    2.35748e-09
    2.29131e-09
     2.2266e-09
    2.16702e-09
    2.10268e-09
    2.04349e-09
    1.98604e-09
    1.93012e-09
    1.87808e-09
     1.8233e-09
    1.77157e-09
    1.72194e-09
    1.67312e-09
    1.62625e-09
    1.58046e-09
    1.53793e-09
     1.4923e-09
    1.45043e-09
    1.40964e-09
     1.3699e-09
    1.33293e-09
     1.2941e-09
    1.25739e-09
    1.22215e-09
    1.18752e-09
    1.15423e-09
    1.12173e-09
    1.09149e-09
    1.05916e-09
    1.02945e-09
    1.00048e-09
    9.72292e-10
    9.44992e-10
    9.18484e-10
    8.92428e-10
    8.67345e-10
    8.42838e-10
     8.1906e-10
     7.9602e-10
     7.7356e-10
    7.51698e-10
    7.30524e-10
    7.09938e-10
    6.89916e-10
    6.70468e-10
    6.51574e-10
    6.33207e-10
    6.15356e-10
    5.98013e-10
    5.81152e-10
    5.64771e-10
    5.48848e-10
    5.33372e-10
    5.18337e-10
     5.0372e-10
    4.89522e-10
     4.7572e-10
    4.62311e-10
    4.49277e-10
    4.36612e-10
    4.24303e-10
    4.12342e-10
    4.00717e-10
     3.8942e-10
    3.78442e-10
    3.67772e-10
    3.57404e-10
    3.47328e-10
    3.37537e-10
    3.28021e-10
    3.18774e-10
    3.09787e-10
    3.01054e-10
    2.92567e-10
    2.84319e-10
    2.76303e-10
    2.68514e-10
    2.60944e-10
    2.53588e-10
    2.46438e-10
    2.39491e-10
    2.32739e-10
    2.26178e-10
    2.19802e-10
    2.13605e-10
    2.07583e-10
    2.01731e-10
    1.96044e-10
    1.90517e-10
    1.85146e-10
    1.79927e-10
    1.74854e-10
    1.69925e-10
    1.65135e-10
    1.60479e-10
    1.55955e-10
    1.51558e-10
    1.47286e-10
    1.43133e-10
    1.39098e-10
    1.35177e-10
    1.31366e-10
    1.27663e-10
    1.24064e-10
    1.20566e-10
    1.17167e-10
    1.13864e-10
    1.10654e-10
    1.07534e-10
    1.04503e-10
    1.01557e-10
    9.86938e-11
    9.59114e-11
    9.32075e-11
    9.05799e-11
    8.80263e-11
    8.55447e-11
     8.3133e-11
    8.07894e-11
    7.85118e-11
    7.62984e-11
    7.41475e-11
    7.20571e-11
    7.00257e-11
    6.80516e-11
    6.61331e-11
    6.42687e-11
    6.24569e-11
    6.06961e-11
     5.8985e-11
    5.73221e-11
    5.57061e-11
    5.41357e-11
    5.26095e-11
    5.11264e-11
     4.9685e-11
    4.82843e-11
    4.69231e-11
    4.56003e-11
    4.43147e-11
    4.30654e-11
    4.18514e-11
    4.06715e-11
    3.95249e-11
    3.84106e-11
    3.73278e-11
    3.62755e-11
    3.52528e-11
     3.4259e-11
    3.32931e-11
    3.23546e-11
    3.14424e-11
     3.0556e-11
    2.96946e-11
    2.88575e-11
    2.80439e-11
    2.72533e-11
     2.6485e-11
    2.57384e-11
    2.50128e-11
    2.43076e-11
    2.36223e-11
    2.29564e-11
    2.23092e-11
    2.16803e-11
    2.10691e-11
    2.04751e-11
    1.98979e-11
    1.93369e-11
    1.87918e-11
     1.8262e-11
    1.77472e-11
    1.72469e-11
    1.67606e-11
    1.62881e-11
    1.58289e-11
    1.53827e-11
     1.4949e-11
    1.45276e-11
     1.4118e-11
      1.372e-11
    1.33332e-11
    1.29574e-11
    1.25921e-11
    1.22371e-11
    1.18921e-11
    1.15568e-11
     1.1231e-11
    1.09144e-11
    1.06067e-11
    1.03077e-11
    1.00171e-11
    9.73472e-12
    9.46028e-12
    9.19358e-12
     8.9344e-12
    8.68252e-12
    8.43775e-12
    8.19988e-12
    7.96871e-12
    7.74406e-12
    7.52574e-12
    7.31358e-12
     7.1074e-12
    6.90703e-12
    6.71231e-12
    6.52308e-12
    6.33918e-12
    6.16047e-12
     5.9868e-12
    5.81802e-12
      5.654e-12
    5.49461e-12
     5.3397e-12
    5.18917e-12
    5.04288e-12
    4.90071e-12
    4.76255e-12
    4.62829e-12
    4.49781e-12
    4.37101e-12
    4.24778e-12
    4.12803e-12
    4.01166e-12
    3.89856e-12
    3.78866e-12
    3.68185e-12
    3.57805e-12
    3.47718e-12
    3.37915e-12
    3.28389e-12
    3.19131e-12
    3.10134e-12
    3.01391e-12
    2.92894e-12
    2.84637e-12
    2.76613e-12
    2.68815e-12
    2.61236e-12
    2.53872e-12
    2.46715e-12
    2.39759e-12
       2.33e-12
    2.26432e-12
    2.20048e-12
    2.13845e-12
    2.07816e-12
    2.01957e-12
    1.96264e-12
    1.90731e-12
    1.85354e-12
    1.80128e-12
     1.7505e-12
    1.70115e-12
     1.6532e-12
    1.60659e-12
     1.5613e-12
    1.51728e-12
    1.47451e-12
    1.43294e-12
    1.39254e-12
    1.35328e-12
    1.31513e-12
    1.27806e-12
    1.24203e-12
    1.20701e-12
    1.17298e-12
    1.13992e-12
    1.10778e-12
    1.07655e-12
     1.0462e-12
    1.01671e-12
    9.88044e-13
    9.60189e-13
     9.3312e-13
    9.06814e-13
    8.81249e-13
    8.56406e-13
    8.32262e-13
    8.08799e-13
    7.85998e-13
    7.63839e-13
    7.42306e-13
    7.21379e-13
    7.01042e-13
    6.81279e-13
    6.62072e-13
    6.43407e-13
    6.25269e-13
    6.07641e-13
    5.90511e-13
    5.73864e-13
    5.57686e-13
    5.41963e-13
    5.26685e-13
    5.11837e-13
    4.97407e-13
    4.83384e-13
    4.69757e-13
    4.56514e-13
    4.43644e-13
    4.31137e-13
    4.18983e-13
    4.07171e-13
    3.95692e-13
    3.84537e-13
    3.73696e-13
    3.63161e-13
    3.52923e-13
    3.42974e-13
    3.33305e-13
    3.23908e-13
    3.14777e-13
    3.05903e-13
    2.97279e-13
    2.88898e-13
    2.80754e-13
    2.72839e-13
    2.65147e-13
    2.57672e-13
    2.50408e-13
    2.43348e-13
    2.36488e-13
    2.29821e-13
    2.23342e-13
    2.17046e-13
    2.10927e-13
     2.0498e-13
    1.99202e-13
    1.93586e-13
    1.88128e-13
    1.82825e-13
    1.77671e-13
    1.72662e-13
    1.67794e-13
    1.63064e-13
    1.58467e-13
    1.53999e-13
    1.49658e-13
    1.45439e-13
    1.41339e-13
    1.37354e-13
    1.33482e-13
    1.29719e-13
    1.26062e-13
    1.22508e-13
    1.19054e-13
    1.15698e-13
    1.12436e-13
    1.09267e-13
    1.06186e-13
    1.03193e-13
    1.00283e-13
    9.74562e-14
    9.47088e-14
    9.20388e-14
    8.94441e-14
    8.69225e-14
     8.4472e-14
    8.20906e-14
    7.97764e-14
    7.75274e-14
    7.53417e-14
    7.32177e-14
    7.11536e-14
    6.91477e-14
    6.71983e-14
    6.53039e-14
    6.34629e-14
    6.16737e-14
    5.99351e-14
    5.82454e-14
    5.66034e-14
    5.50076e-14
    5.34569e-14
    5.19498e-14
    5.04853e-14
     4.9062e-14
    4.76789e-14
    4.63348e-14
    4.50285e-14
    4.37591e-14
    4.25254e-14
    4.13266e-14
    4.01615e-14
    3.90293e-14
     3.7929e-14
    3.68597e-14
    3.58206e-14
    3.48108e-14
    3.38294e-14
    3.28757e-14
    3.19489e-14
    3.10482e-14
    3.01729e-14
    2.93223e-14
    2.84956e-14
    2.76923e-14
    2.69116e-14
    2.61529e-14
    2.54156e-14
    2.46991e-14
    2.40028e-14
    2.33261e-14
    2.26685e-14
    2.20295e-14
    2.14084e-14
    2.08049e-14
    2.02184e-14
    1.96484e-14
    1.90945e-14
    1.85562e-14
     1.8033e-14
    1.75246e-14
    1.70306e-14
    1.65505e-14
    1.60839e-14
    1.56305e-14
    1.51898e-14
    1.47616e-14
    1.43454e-14
     1.3941e-14
     1.3548e-14
    1.31661e-14
    1.27949e-14
    1.24342e-14
    1.20836e-14
     1.1743e-14
    1.14119e-14
    1.10902e-14
    1.07776e-14
    1.04737e-14
    1.01785e-14
    9.89151e-15
