              0
              0
              0
              0
              0
              0
              0
              0
    0.000225597
     0.00143274
      0.0010898
     0.00226718
     0.00166386
       0.302341
       0.402951
     0.00319067
      0.0053095
     0.00356917
     0.00465336
       0.208161
     0.00380726
      0.0725909
       0.139856
     0.00384839
      0.0503055
      0.0964299
      0.0510374
       0.346485
      0.0504967
      0.0510381
      0.0050704
     0.00478928
      0.0507657
      0.0984477
      0.0570878
       0.067128
     0.00439939
       0.096717
     0.00437381
      0.0357724
      0.0671094
      0.0258633
      0.0187956
       0.150895
       0.109528
      0.0893576
      0.0184203
     0.00384787
     0.00380038
      0.0136476
      0.0135387
      0.0539725
      0.0181935
      0.0134459
      0.0180705
     0.00339107
      0.0178717
      0.0421557
     0.00321491
      0.0228782
      0.0274304
      0.0263241
      0.0242032
      0.0195058
      0.0219644
      0.0127365
     0.00734634
      0.0125605
      0.0216084
     0.00929441
     0.00253834
     0.00703671
     0.00243267
      0.0121798
     0.00229223
     0.00225005
     0.00435225
      0.0134412
     0.00832421
      0.0051508
     0.00201175
     0.00196565
     0.00613173
     0.00498596
     0.00325512
     0.00178155
      0.0069485
      0.0153494
     0.00764743
     0.00260759
     0.00469275
     0.00297676
     0.00671326
     0.00357925
      0.0088182
     0.00236135
      0.0111182
     0.00276199
     0.00273334
     0.00269821
     0.00221312
     0.00217852
     0.00591582
     0.00211392
     0.00275394
     0.00272813
     0.00105388
     0.00169803
     0.00100222
     0.00173724
     0.00238609
     0.00123477
     0.00202205
    0.000882972
     0.00152102
     0.00225987
     0.00229821
    0.000794998
     0.00174051
    0.000752344
     0.00184549
     0.00137225
     0.00121129
      0.0016521
    0.000657883
     0.00130271
     0.00123635
    0.000955439
     0.00160412
    0.000573021
    0.000867945
    0.000896278
    0.000738419
    0.000966756
     0.00050348
     0.00110054
    0.000826734
    0.000978309
    0.000593052
    0.000579689
    0.000427201
    0.000862359
    0.000611314
    0.000863425
    0.000777138
    0.000678057
    0.000362847
     0.00080353
    0.000389296
    0.000944739
    0.000325441
    0.000411707
      0.0009935
    0.000484884
    0.000499686
    0.000314153
     0.00046745
    0.000440535
    0.000633121
    0.000557894
    0.000312144
    0.000534824
    0.000540588
    0.000413208
    0.000429567
     0.00024936
    0.000274605
    0.000554565
    0.000241925
    0.000323521
    0.000207746
    0.000362248
    0.000186602
    0.000410711
    0.000225956
    0.000162683
    0.000158209
     0.00015383
    0.000150076
    0.000145677
    0.000195897
    0.000144106
    0.000147993
    0.000226169
    0.000142633
     0.00013254
    0.000119747
    0.000143609
    0.000157568
    0.000119604
    0.000132131
    0.000113552
    0.000105618
    0.000119061
    0.000108298
    9.30241e-05
    9.04323e-05
    0.000101941
    8.84554e-05
    0.000123675
    8.27647e-05
    8.81597e-05
    7.64658e-05
    7.63119e-05
    9.27875e-05
    7.01986e-05
    7.77942e-05
    6.63419e-05
    6.45118e-05
    6.91206e-05
    6.97756e-05
    7.40502e-05
    5.75972e-05
    9.70723e-05
    6.84388e-05
    5.29046e-05
    5.14535e-05
    7.04265e-05
    8.21996e-05
    4.73007e-05
    5.03769e-05
    4.46766e-05
    6.40699e-05
    5.00357e-05
    4.54493e-05
    5.08085e-05
    3.87761e-05
     6.8475e-05
    4.10991e-05
     4.8095e-05
    3.50527e-05
    3.36795e-05
    3.80675e-05
    3.18054e-05
    3.80576e-05
    3.09932e-05
    3.63439e-05
    3.49046e-05
    4.82249e-05
    2.76632e-05
    2.61081e-05
    2.53605e-05
    2.46532e-05
    2.62058e-05
    4.72103e-05
    2.40232e-05
    2.29507e-05
    2.27672e-05
     2.1882e-05
    2.02383e-05
    1.97827e-05
    2.10493e-05
    1.85827e-05
    1.80422e-05
    1.81666e-05
    2.36615e-05
    1.65561e-05
    1.61117e-05
    1.58486e-05
    1.76892e-05
    1.48829e-05
    1.48759e-05
    2.35046e-05
    1.50561e-05
    1.41421e-05
    1.28347e-05
    1.24734e-05
    1.21132e-05
    1.83261e-05
    1.20227e-05
    1.21365e-05
    1.38205e-05
    1.12764e-05
    1.26657e-05
    1.00281e-05
    1.00102e-05
     1.2382e-05
    1.01093e-05
    1.10416e-05
    8.61454e-06
    8.66854e-06
    8.14301e-06
     8.0039e-06
    8.12507e-06
    7.47458e-06
    7.26517e-06
    8.00447e-06
    7.13318e-06
     8.0123e-06
    6.91946e-06
    6.30318e-06
    6.50577e-06
    5.95112e-06
    5.78536e-06
    5.62214e-06
    5.50783e-06
    5.54283e-06
     5.2051e-06
    5.27735e-06
    4.87515e-06
    4.75293e-06
    4.64965e-06
    4.47728e-06
    4.35024e-06
    4.32123e-06
    4.11098e-06
    4.10114e-06
     3.8827e-06
    3.83723e-06
     4.1232e-06
    3.56457e-06
    3.49434e-06
    3.37184e-06
    3.36478e-06
    3.18025e-06
    3.09574e-06
     3.0036e-06
    3.30886e-06
     2.8689e-06
    2.75892e-06
    2.81706e-06
    2.74196e-06
    2.53443e-06
    2.46107e-06
    2.43456e-06
    2.42065e-06
    2.44521e-06
    2.33215e-06
     2.1505e-06
    2.09382e-06
    2.01565e-06
    1.97225e-06
     2.0836e-06
    2.06055e-06
    1.79792e-06
    1.76196e-06
    1.69799e-06
    1.78593e-06
    1.60542e-06
    1.56785e-06
    1.65206e-06
    1.47662e-06
    1.43586e-06
    1.39635e-06
    1.35163e-06
    1.50764e-06
    1.29205e-06
    1.24229e-06
    1.21924e-06
    1.17256e-06
    1.13879e-06
      1.182e-06
    1.08006e-06
    1.05245e-06
     1.0317e-06
    9.91736e-07
    9.59776e-07
    1.13419e-06
    9.07585e-07
    8.81237e-07
    8.55926e-07
    8.33184e-07
    8.10378e-07
     9.2969e-07
     7.7727e-07
    7.46734e-07
    7.21553e-07
    7.00895e-07
    6.83392e-07
    6.62074e-07
    6.43356e-07
    6.25447e-07
    6.08311e-07
    5.91315e-07
    5.73866e-07
    5.57892e-07
    5.48347e-07
    5.33472e-07
    5.12116e-07
    4.97686e-07
    4.85938e-07
     4.6995e-07
    4.56903e-07
    4.49511e-07
    4.31388e-07
    4.19218e-07
    4.07403e-07
    4.09543e-07
    3.89059e-07
    3.74163e-07
      3.636e-07
    3.55224e-07
     3.4332e-07
    3.49123e-07
    3.33457e-07
    3.15113e-07
    3.07142e-07
    2.97586e-07
    2.90534e-07
    2.81743e-07
    2.73135e-07
    2.67543e-07
    2.77961e-07
    2.53638e-07
    2.44282e-07
    2.36788e-07
    2.39436e-07
    2.32163e-07
    2.17347e-07
    2.11839e-07
    2.14496e-07
      1.995e-07
    1.93962e-07
    1.89126e-07
    1.83118e-07
    1.78005e-07
    1.72957e-07
    1.68068e-07
    1.63955e-07
     1.6499e-07
    1.54281e-07
    1.49912e-07
    1.45729e-07
    1.41603e-07
    1.37635e-07
    1.34384e-07
    1.29968e-07
    1.26325e-07
    1.22756e-07
    1.20656e-07
    1.15931e-07
    1.15576e-07
    1.09501e-07
    1.06402e-07
    1.03412e-07
    1.00509e-07
    9.77019e-08
    9.49558e-08
    9.22462e-08
    8.96531e-08
    8.71236e-08
    8.46662e-08
    8.22833e-08
    7.99637e-08
     7.7712e-08
    7.55139e-08
    7.34051e-08
    7.13243e-08
    6.93294e-08
    6.73721e-08
     6.5472e-08
    6.36239e-08
    6.18271e-08
    6.01023e-08
    5.83948e-08
    5.67511e-08
    5.51503e-08
    5.35974e-08
    5.20879e-08
    5.06401e-08
    4.92105e-08
    4.78087e-08
    4.64639e-08
    4.51565e-08
    4.38784e-08
     4.2643e-08
    4.14402e-08
    4.02757e-08
     3.9138e-08
    3.80399e-08
    3.69641e-08
    3.59285e-08
    3.49166e-08
    3.39266e-08
    3.29727e-08
    3.49415e-08
    3.11437e-08
    3.02609e-08
    2.94103e-08
    2.85805e-08
    2.77748e-08
    2.89609e-08
    2.62325e-08
    2.55002e-08
    2.47822e-08
    2.40763e-08
    2.33988e-08
    2.27391e-08
    2.20968e-08
    2.14749e-08
    2.08688e-08
    2.02814e-08
    1.97088e-08
    1.91561e-08
    1.86148e-08
    1.80921e-08
    1.75822e-08
    1.70846e-08
    1.66042e-08
    1.70472e-08
    1.56831e-08
    1.52387e-08
    1.48092e-08
    1.43921e-08
    1.39861e-08
    1.42113e-08
    1.38292e-08
    1.28402e-08
    1.24789e-08
    1.21238e-08
    1.17832e-08
    1.14505e-08
    1.11269e-08
    1.08135e-08
    1.05092e-08
     1.0213e-08
    9.92582e-09
    9.64464e-09
    9.37467e-09
    9.11023e-09
     8.8522e-09
    8.60341e-09
    8.36071e-09
    8.12615e-09
    7.89573e-09
     7.6734e-09
      7.457e-09
    7.24677e-09
    7.04251e-09
    6.84419e-09
    6.65289e-09
    6.46545e-09
    6.28173e-09
    6.10484e-09
    5.93263e-09
    5.76526e-09
    5.60263e-09
    5.44469e-09
    5.29131e-09
    5.14202e-09
    4.99776e-09
    4.85637e-09
    4.72013e-09
    4.58707e-09
    4.45726e-09
    4.33172e-09
     4.2096e-09
    4.09145e-09
     3.9755e-09
    3.86345e-09
    3.75459e-09
    3.64877e-09
    3.54589e-09
    3.44605e-09
    3.34964e-09
     3.2553e-09
    3.16283e-09
    3.07376e-09
    2.98705e-09
    2.90279e-09
     2.8209e-09
    2.74138e-09
    2.66415e-09
    2.58928e-09
    2.51604e-09
    2.44549e-09
    2.37652e-09
    2.30927e-09
    2.24427e-09
    2.18099e-09
    2.11977e-09
     2.0597e-09
    2.00167e-09
    1.94525e-09
    1.89041e-09
    1.83713e-09
    1.78538e-09
    1.73541e-09
    1.68651e-09
    1.63865e-09
     1.5925e-09
    1.54758e-09
    1.50392e-09
     1.4615e-09
     1.4203e-09
    1.38028e-09
    1.34135e-09
    1.30368e-09
    1.26682e-09
    1.23125e-09
    1.19654e-09
    1.16271e-09
    1.12995e-09
     1.0981e-09
    1.06725e-09
    1.03704e-09
    1.00781e-09
    9.79405e-10
      9.518e-10
    9.24964e-10
    8.98915e-10
    8.73549e-10
    8.48935e-10
     8.2501e-10
    8.01739e-10
    7.79145e-10
    7.57171e-10
    7.35828e-10
    7.15081e-10
    6.94919e-10
    6.75333e-10
    6.56291e-10
    6.37792e-10
     6.1981e-10
    6.02338e-10
    5.85358e-10
    5.68855e-10
    5.52818e-10
    5.37233e-10
    5.22088e-10
    5.07369e-10
    4.93065e-10
    4.79165e-10
    4.65657e-10
    4.52529e-10
    4.39772e-10
    4.27374e-10
    4.15325e-10
    4.03617e-10
    3.92238e-10
     3.8118e-10
    3.70434e-10
    3.59991e-10
    3.49842e-10
     3.3998e-10
    3.30395e-10
    3.21081e-10
    3.12029e-10
    3.03233e-10
    2.94684e-10
    2.86376e-10
    2.78303e-10
    2.70457e-10
    2.62833e-10
    2.55423e-10
    2.48222e-10
    2.41224e-10
    2.34424e-10
    2.27815e-10
    2.21393e-10
    2.15151e-10
    2.09086e-10
    2.03191e-10
    1.97463e-10
    1.91896e-10
    1.86486e-10
    1.81229e-10
     1.7612e-10
    1.71155e-10
     1.6633e-10
    1.61641e-10
    1.57084e-10
    1.52655e-10
    1.48352e-10
    1.44169e-10
    1.40105e-10
    1.36155e-10
    1.32317e-10
    1.28587e-10
    1.24962e-10
    1.21439e-10
    1.18015e-10
    1.14688e-10
    1.11455e-10
    1.08313e-10
    1.05259e-10
    1.02292e-10
    9.94081e-11
    9.66056e-11
    9.38821e-11
    9.12354e-11
    8.86634e-11
    8.61638e-11
    8.37347e-11
    8.13741e-11
      7.908e-11
    7.68507e-11
    7.46841e-11
    7.25787e-11
    7.05325e-11
    6.85441e-11
    6.66118e-11
    6.47339e-11
    6.29089e-11
    6.11354e-11
    5.94119e-11
     5.7737e-11
    5.61093e-11
    5.45275e-11
    5.29903e-11
    5.14964e-11
    5.00446e-11
    4.86338e-11
    4.72627e-11
    4.59303e-11
    4.46355e-11
    4.33771e-11
    4.21543e-11
    4.09659e-11
     3.9811e-11
    3.86886e-11
    3.75979e-11
     3.6538e-11
    3.55079e-11
    3.45069e-11
    3.35341e-11
    3.25887e-11
      3.167e-11
    3.07772e-11
    2.99095e-11
    2.90663e-11
    2.82469e-11
    2.74506e-11
    2.66767e-11
    2.59246e-11
    2.51938e-11
    2.44835e-11
    2.37933e-11
    2.31225e-11
    2.24707e-11
    2.18372e-11
    2.12216e-11
    2.06233e-11
    2.00419e-11
    1.94769e-11
    1.89278e-11
    1.83942e-11
    1.78756e-11
    1.73717e-11
    1.68819e-11
     1.6406e-11
    1.59435e-11
     1.5494e-11
    1.50572e-11
    1.46327e-11
    1.42202e-11
    1.38193e-11
    1.34297e-11
    1.30511e-11
    1.26832e-11
    1.23257e-11
    1.19782e-11
    1.16405e-11
    1.13123e-11
    1.09934e-11
    1.06835e-11
    1.03823e-11
    1.00896e-11
    9.80517e-12
    9.52875e-12
    9.26012e-12
    8.99906e-12
    8.74536e-12
    8.49882e-12
    8.25922e-12
    8.02638e-12
    7.80011e-12
    7.58021e-12
    7.36651e-12
    7.15884e-12
    6.95702e-12
    6.76089e-12
    6.57029e-12
    6.38506e-12
    6.20506e-12
    6.03013e-12
    5.86013e-12
    5.69492e-12
    5.53437e-12
    5.37835e-12
    5.22673e-12
    5.07938e-12
    4.93618e-12
    4.79702e-12
    4.66179e-12
    4.53036e-12
    4.40265e-12
    4.27853e-12
    4.15791e-12
    4.04069e-12
    3.92678e-12
    3.81608e-12
    3.70849e-12
    3.60395e-12
    3.50235e-12
    3.40361e-12
    3.30766e-12
    3.21441e-12
    3.12379e-12
    3.03572e-12
    2.95014e-12
    2.86697e-12
    2.78615e-12
     2.7076e-12
    2.63127e-12
    2.55709e-12
      2.485e-12
    2.41495e-12
    2.34687e-12
     2.2807e-12
    2.21641e-12
    2.15392e-12
     2.0932e-12
    2.03419e-12
    1.97684e-12
    1.92111e-12
    1.86695e-12
    1.81432e-12
    1.76317e-12
    1.71347e-12
    1.66516e-12
    1.61822e-12
     1.5726e-12
    1.52826e-12
    1.48518e-12
    1.44331e-12
    1.40262e-12
    1.36308e-12
    1.32465e-12
    1.28731e-12
    1.25102e-12
    1.21575e-12
    1.18147e-12
    1.14817e-12
     1.1158e-12
    1.08434e-12
    1.05377e-12
    1.02406e-12
    9.95195e-13
    9.67139e-13
    9.39873e-13
    9.13377e-13
    8.87627e-13
    8.62604e-13
    8.38286e-13
    8.14653e-13
    7.91687e-13
    7.69368e-13
    7.47678e-13
      7.266e-13
    7.06116e-13
    6.86209e-13
    6.66864e-13
    6.48064e-13
    6.29794e-13
    6.12039e-13
    5.94785e-13
    5.78017e-13
    5.61722e-13
    5.45886e-13
    5.30497e-13
    5.15541e-13
    5.01007e-13
    4.86883e-13
    4.73157e-13
    4.59818e-13
    4.46855e-13
    4.34257e-13
    4.22015e-13
    4.10118e-13
    3.98556e-13
     3.8732e-13
    3.76401e-13
    3.65789e-13
    3.55477e-13
    3.45456e-13
    3.35717e-13
    3.26252e-13
    3.17055e-13
    3.08117e-13
     2.9943e-13
    2.90989e-13
    2.82785e-13
    2.74813e-13
    2.67066e-13
    2.59537e-13
     2.5222e-13
     2.4511e-13
      2.382e-13
    2.31484e-13
    2.24959e-13
    2.18617e-13
    2.12453e-13
    2.06464e-13
    2.00643e-13
    1.94987e-13
     1.8949e-13
    1.84148e-13
    1.78957e-13
    1.73912e-13
    1.69009e-13
    1.64244e-13
    1.59614e-13
    1.55114e-13
    1.50741e-13
    1.46491e-13
    1.42362e-13
    1.38348e-13
    1.34448e-13
    1.30658e-13
    1.26974e-13
    1.23395e-13
    1.19916e-13
    1.16535e-13
     1.1325e-13
    1.10057e-13
    1.06955e-13
    1.03939e-13
    1.01009e-13
    9.81616e-14
    9.53943e-14
    9.27049e-14
    9.00914e-14
    8.75516e-14
    8.50834e-14
    8.26848e-14
    8.03538e-14
    7.80885e-14
     7.5887e-14
    7.37476e-14
    7.16686e-14
    6.96481e-14
    6.76846e-14
    6.57765e-14
    6.39222e-14
    6.21201e-14
    6.03688e-14
    5.86669e-14
     5.7013e-14
    5.54057e-14
    5.38438e-14
    5.23258e-14
    5.08507e-14
    4.94171e-14
     4.8024e-14
    4.66701e-14
    4.53544e-14
    4.40758e-14
    4.28332e-14
    4.16257e-14
    4.04522e-14
    3.93118e-14
    3.82035e-14
    3.71265e-14
    3.60798e-14
    3.50627e-14
    3.40742e-14
    3.31136e-14
    3.21801e-14
    3.12729e-14
    3.03913e-14
    2.95345e-14
    2.87019e-14
    2.78927e-14
    2.71064e-14
    2.63422e-14
    2.55996e-14
    2.48779e-14
    2.41765e-14
     2.3495e-14
    2.28326e-14
    2.21889e-14
    2.15634e-14
    2.09555e-14
    2.03647e-14
    1.97906e-14
    1.92327e-14
    1.86905e-14
    1.81635e-14
    1.76515e-14
    1.71539e-14
    1.66703e-14
    1.62003e-14
    1.57436e-14
    1.52998e-14
    1.48684e-14
    1.44493e-14
    1.40419e-14
    1.36461e-14
    1.32614e-14
    1.28875e-14
    1.25242e-14
    1.21711e-14
     1.1828e-14
    1.14945e-14
    1.11705e-14
    1.08556e-14
    1.05495e-14
    1.02521e-14
     9.9631e-15
