              0
              0
              0
              0
              0
              0
              0
       0.898204
        1.39721
    0.000110819
    0.000995396
     0.00144263
     0.00384067
     0.00468714
     0.00397186
     0.00547356
     0.00475414
     0.00447967
     0.00437911
      0.0718525
     0.00394027
     0.00361343
     0.00339497
       0.275657
       0.140098
      0.0726944
      0.0970839
     0.00525159
     0.00512019
     0.00479155
     0.00469676
         0.1429
       0.188818
      0.0670423
       0.096568
     0.00437645
      0.0671565
      0.0506608
       0.130118
     0.00464929
     0.00444687
      0.0469366
     0.00413545
      0.0353971
     0.00391465
     0.00379586
      0.0666138
     0.00382396
     0.00374308
       0.192163
      0.0618087
     0.00375395
     0.00361582
     0.00356183
      0.0247455
     0.00332344
     0.00325735
     0.00316695
      0.0321326
     0.00306223
      0.0586352
      0.0227618
      0.0164431
      0.0621372
     0.00288463
      0.0119219
      0.0574909
       0.002654
     0.00258253
     0.00253627
     0.00246934
     0.00241393
      0.0169056
      0.0114528
     0.00228978
      0.0022201
      0.0155991
      0.0112531
      0.0119486
     0.00822395
     0.00817583
     0.00613028
     0.00186674
      0.0152437
      0.0116573
     0.00795861
     0.00593789
     0.00590258
     0.00783825
     0.00158732
      0.0111279
     0.00438748
     0.00146498
     0.00716468
      0.0013886
     0.00332643
     0.00804747
     0.00130882
     0.00127216
     0.00124051
     0.00407886
     0.00117988
     0.00570955
     0.00111672
     0.00109033
     0.00105716
      0.0114241
     0.00296308
     0.00931884
    0.000962102
     0.00288781
      0.0028656
    0.000887307
     0.00396253
     0.00083673
    0.000815424
      0.0040772
     0.00300305
     0.00362259
     0.00669302
     0.00161872
     0.00160394
     0.00129383
     0.00259357
    0.000641421
     0.00273394
      0.0014417
     0.00191954
     0.00180497
    0.000561035
     0.00054649
     0.00292671
    0.000804337
    0.000505426
     0.00049034
    0.000478452
    0.000466048
     0.00217135
    0.000439863
    0.000427643
      0.0004161
    0.000823402
    0.000812255
     0.00181936
    0.000568232
    0.000365438
    0.000355109
    0.000344862
     0.00033435
     0.00191267
    0.000316808
    0.000501111
     0.00096379
    0.000709313
    0.000374192
     0.00153464
    0.000400645
    0.000262126
    0.000672355
    0.000308799
     0.00109693
    0.000427303
    0.000228111
     0.00022188
     0.00111772
    0.000210045
     0.00115142
    0.000592088
    0.000193217
    0.000188239
    0.000271408
     0.00017769
    0.000623514
    0.000209246
    0.000163535
    0.000158843
    0.000154613
    0.000384949
    0.000638429
     0.00027345
     0.00013855
    0.000134788
    0.000323674
    0.000127105
    0.000586453
    0.000120223
    0.000289342
    0.000113597
    0.000110496
    0.000107595
    0.000411371
      0.0001017
    9.90672e-05
    0.000132857
    9.34078e-05
    9.09076e-05
      0.0002969
    0.000146369
    8.34391e-05
    8.11512e-05
    8.76828e-05
    7.68165e-05
    0.000296087
    9.76594e-05
    7.06235e-05
    7.26975e-05
    6.66438e-05
    0.000206588
    6.29098e-05
    6.11607e-05
    5.95819e-05
    8.86325e-05
    5.62238e-05
     0.00020256
       5.32e-05
    5.44246e-05
    7.20749e-05
    9.01291e-05
    0.000121157
    0.000167183
    4.48698e-05
    7.16476e-05
    4.24247e-05
    0.000151943
    4.41925e-05
    0.000138195
    3.78996e-05
    4.09208e-05
    3.57884e-05
    3.48011e-05
    3.38218e-05
    9.84581e-05
    3.19417e-05
    3.10443e-05
    3.02013e-05
      2.937e-05
    2.85261e-05
    9.52143e-05
    3.29659e-05
    3.91245e-05
      2.548e-05
    3.95335e-05
    2.40796e-05
    6.79798e-05
    2.31491e-05
     2.2092e-05
    2.33721e-05
    2.08905e-05
    2.03196e-05
    6.43336e-05
    1.91866e-05
    1.86586e-05
    1.81268e-05
    1.76123e-05
     4.7444e-05
    1.69125e-05
    1.61738e-05
     1.5726e-05
    1.52817e-05
    2.08184e-05
    4.47726e-05
    1.40446e-05
    1.36389e-05
    1.32687e-05
    1.31627e-05
    1.25244e-05
    3.27953e-05
    1.18319e-05
    1.16248e-05
    1.40811e-05
    1.08609e-05
    1.07557e-05
     3.0888e-05
    9.98439e-06
    9.69939e-06
    1.00251e-05
    9.75465e-06
    8.99128e-06
    2.26811e-05
    9.00425e-06
    8.17469e-06
    8.13409e-06
    1.02033e-05
    8.10086e-06
    2.21937e-05
    7.09764e-06
    1.09738e-05
    7.57126e-06
    6.51371e-06
    6.41655e-06
    1.69692e-05
    6.71209e-06
    5.93767e-06
    6.93157e-06
    5.51418e-06
    5.42452e-06
    1.47207e-05
    5.12971e-06
    4.89916e-06
    4.76211e-06
    4.68278e-06
    4.49735e-06
    1.08548e-05
    4.24729e-06
    4.31361e-06
    4.01354e-06
    3.90089e-06
    3.78955e-06
    1.01696e-05
    3.60088e-06
    3.48158e-06
    3.38259e-06
    3.28804e-06
    8.19694e-06
    3.10464e-06
    3.02947e-06
    3.00455e-06
    2.86339e-06
      2.772e-06
    7.10107e-06
    2.70361e-06
    2.54935e-06
    2.47292e-06
    2.40232e-06
    2.46172e-06
    5.30716e-06
    2.20509e-06
    2.22895e-06
    2.08916e-06
    2.02502e-06
    1.96739e-06
      4.911e-06
    1.86736e-06
    1.85152e-06
    1.79589e-06
    1.73323e-06
    1.65823e-06
    3.64992e-06
    1.56596e-06
    1.52177e-06
    1.47957e-06
    1.43728e-06
    1.39796e-06
    3.41478e-06
    1.31999e-06
    2.15433e-06
     1.2525e-06
    1.22976e-06
    1.17711e-06
    2.53034e-06
    1.12435e-06
     1.8597e-06
     1.0517e-06
    1.02268e-06
     9.9185e-07
    2.35072e-06
    9.37104e-07
    9.10414e-07
     8.8519e-07
    8.59885e-07
    1.77849e-06
    8.12192e-07
    7.89267e-07
    7.81514e-07
     7.4675e-07
    7.24945e-07
    1.64698e-06
     6.8459e-07
    6.65123e-07
    6.46402e-07
    6.28406e-07
    7.40476e-07
    1.23437e-06
    5.78438e-07
    5.66128e-07
    5.44673e-07
    5.29416e-07
    5.26823e-07
    1.15954e-06
    4.85978e-07
     4.7211e-07
    4.58956e-07
    4.58463e-07
    4.33395e-07
    8.57115e-07
    4.27743e-07
    3.97764e-07
    3.88467e-07
    3.75696e-07
      3.653e-07
    7.90769e-07
    3.46229e-07
    3.96437e-07
    3.25752e-07
    3.16559e-07
    3.07613e-07
    5.99331e-07
    3.30188e-07
    2.82374e-07
     2.7629e-07
    2.66755e-07
    2.59162e-07
    5.51062e-07
    2.50634e-07
    2.37867e-07
    2.31242e-07
    2.30467e-07
    4.19935e-07
    2.12207e-07
    2.06225e-07
    2.00452e-07
    1.94772e-07
    1.89369e-07
    4.46838e-07
     1.7883e-07
    1.73749e-07
    1.68852e-07
    1.64126e-07
    1.59467e-07
    2.92044e-07
    1.50615e-07
     1.4638e-07
    1.43518e-07
    1.38271e-07
    1.34346e-07
    3.07528e-07
    1.39459e-07
    1.24557e-07
     1.1984e-07
    1.16484e-07
    1.13188e-07
    2.03209e-07
      1.069e-07
     1.0389e-07
    1.00978e-07
    9.81101e-08
    9.53968e-08
    1.85876e-07
    9.00812e-08
    8.87634e-08
    8.50544e-08
    8.26731e-08
    8.03296e-08
    1.43271e-07
    7.58634e-08
    7.37282e-08
    7.16652e-08
    6.96526e-08
    6.76744e-08
    1.29161e-07
    6.39243e-08
    6.21117e-08
    6.03738e-08
     5.8663e-08
    1.00109e-07
     5.5405e-08
    5.38427e-08
    5.23342e-08
     5.0854e-08
    4.94386e-08
    9.11297e-08
    4.66851e-08
     4.5359e-08
    4.40813e-08
    4.28454e-08
    4.16324e-08
     6.9764e-08
    3.93184e-08
    3.82094e-08
    3.71417e-08
    3.60956e-08
    3.50707e-08
    6.33976e-08
    3.31288e-08
    3.21895e-08
    3.31053e-08
    3.04026e-08
    2.95458e-08
    4.86397e-08
    2.79019e-08
     2.7115e-08
    2.63567e-08
    2.56082e-08
     2.4896e-08
    4.41157e-08
    2.35102e-08
    2.28439e-08
    2.21992e-08
    2.15745e-08
    2.09661e-08
    3.39252e-08
    1.97999e-08
    1.92416e-08
    1.87028e-08
    1.81757e-08
    1.76606e-08
    3.07184e-08
    1.66828e-08
    1.62099e-08
    1.57533e-08
    1.53091e-08
    1.48778e-08
     2.3673e-08
    1.40505e-08
    1.36541e-08
    1.32716e-08
    1.28954e-08
    1.25364e-08
    2.13946e-08
    1.18384e-08
    1.15036e-08
    1.11788e-08
    1.08642e-08
    1.68238e-08
    1.02594e-08
    9.97022e-09
    9.69053e-09
    9.41758e-09
    9.15115e-09
     1.5161e-08
    8.64404e-09
    8.39884e-09
    8.16259e-09
    7.93213e-09
    7.70888e-09
    1.17524e-08
    7.28015e-09
     7.0748e-09
    6.87653e-09
    6.68167e-09
    6.49537e-09
    1.05715e-08
    6.13364e-09
     5.9599e-09
    5.79184e-09
    5.62852e-09
    5.46982e-09
    8.21308e-09
    5.16581e-09
    5.02016e-09
    4.87939e-09
    4.74192e-09
    4.60765e-09
    7.37599e-09
    4.35216e-09
    4.22884e-09
    4.10979e-09
    3.99381e-09
    3.88132e-09
    5.74219e-09
    3.66555e-09
    3.56217e-09
    3.46232e-09
    3.36422e-09
    3.27034e-09
    5.14763e-09
    3.08823e-09
    3.00078e-09
    2.91617e-09
    2.83393e-09
    4.09387e-09
    2.67635e-09
    2.60097e-09
    2.52793e-09
    2.45673e-09
    2.38725e-09
    3.66006e-09
    2.25483e-09
    2.19098e-09
     2.1293e-09
    2.06917e-09
    2.01092e-09
    2.86527e-09
    1.89912e-09
    1.84556e-09
    1.79379e-09
      1.743e-09
     1.6943e-09
    2.55723e-09
    1.59997e-09
    1.55469e-09
    1.51085e-09
    1.46825e-09
    1.42685e-09
    2.00615e-09
    1.34755e-09
    1.30956e-09
     1.2728e-09
    1.23694e-09
    1.20194e-09
    1.78774e-09
    1.13526e-09
    1.10312e-09
    1.07206e-09
    1.04181e-09
    1.01246e-09
    9.83908e-10
    9.56179e-10
    9.29215e-10
    9.03049e-10
    8.77574e-10
    8.52857e-10
    8.28796e-10
    8.05435e-10
     7.8273e-10
    7.60657e-10
     7.3921e-10
    7.18373e-10
    6.98118e-10
     6.7844e-10
    6.59312e-10
    6.40727e-10
    6.22666e-10
    6.05112e-10
    5.88052e-10
    5.71474e-10
    5.55363e-10
    5.39706e-10
    5.24491e-10
    5.09704e-10
    4.95335e-10
    4.81371e-10
      4.678e-10
    4.54612e-10
    4.41796e-10
    4.29341e-10
    4.17237e-10
    4.05475e-10
    3.94044e-10
    3.82935e-10
     3.7214e-10
    3.61648e-10
    3.51453e-10
    3.41545e-10
    3.31916e-10
    3.22559e-10
    3.13466e-10
    3.04628e-10
    2.96041e-10
    2.87695e-10
    2.79584e-10
    2.71702e-10
    2.64042e-10
    2.56599e-10
    2.49365e-10
    2.42335e-10
    2.35503e-10
    2.28864e-10
    2.22412e-10
    2.16142e-10
    2.10048e-10
    2.04127e-10
    1.98372e-10
     1.9278e-10
    1.87345e-10
    1.82063e-10
    1.76931e-10
    1.71943e-10
    1.67095e-10
    1.62385e-10
    1.57807e-10
    1.53358e-10
    1.49035e-10
    1.44833e-10
     1.4075e-10
    1.36782e-10
    1.32926e-10
    1.29179e-10
    1.25537e-10
    1.21998e-10
    1.18558e-10
    1.15216e-10
    1.11968e-10
    1.08811e-10
    1.05744e-10
    1.02763e-10
    9.98657e-11
    9.70503e-11
    9.43143e-11
    9.16554e-11
    8.90715e-11
    8.65605e-11
    8.41202e-11
    8.17487e-11
    7.94441e-11
    7.72044e-11
    7.50279e-11
    7.29128e-11
    7.08572e-11
    6.88597e-11
    6.69184e-11
    6.50319e-11
    6.31985e-11
    6.14168e-11
    5.96854e-11
    5.80028e-11
    5.63676e-11
    5.47785e-11
    5.32342e-11
    5.17335e-11
     5.0275e-11
    4.88577e-11
    4.74803e-11
    4.61418e-11
    4.48409e-11
    4.35768e-11
    4.23483e-11
    4.11544e-11
    3.99942e-11
    3.88667e-11
     3.7771e-11
    3.67062e-11
    3.56714e-11
    3.46658e-11
    3.36885e-11
    3.27387e-11
    3.18158e-11
    3.09189e-11
    3.00472e-11
    2.92001e-11
    2.83769e-11
    2.75769e-11
    2.67995e-11
     2.6044e-11
    2.53098e-11
    2.45962e-11
    2.39028e-11
     2.3229e-11
    2.25741e-11
    2.19377e-11
    2.13193e-11
    2.07182e-11
    2.01341e-11
    1.95665e-11
    1.90149e-11
    1.84789e-11
    1.79579e-11
    1.74517e-11
    1.69597e-11
    1.64815e-11
    1.60169e-11
    1.55654e-11
    1.51265e-11
    1.47001e-11
    1.42857e-11
     1.3883e-11
    1.34916e-11
    1.31112e-11
    1.27416e-11
    1.23824e-11
    1.20333e-11
    1.16941e-11
    1.13644e-11
     1.1044e-11
    1.07327e-11
    1.04301e-11
    1.01361e-11
    9.85031e-12
    9.57261e-12
    9.30274e-12
    9.04049e-12
    8.78562e-12
    8.53794e-12
    8.29724e-12
    8.06333e-12
    7.83601e-12
     7.6151e-12
    7.40042e-12
    7.19179e-12
    6.98904e-12
    6.79201e-12
    6.60053e-12
    6.41445e-12
    6.23362e-12
    6.05788e-12
     5.8871e-12
    5.72114e-12
    5.55985e-12
    5.40311e-12
    5.25079e-12
    5.10276e-12
     4.9589e-12
     4.8191e-12
    4.68325e-12
    4.55122e-12
    4.42291e-12
    4.29822e-12
    4.17705e-12
    4.05929e-12
    3.94485e-12
    3.83364e-12
    3.72557e-12
    3.62054e-12
    3.51847e-12
    3.41928e-12
    3.32288e-12
     3.2292e-12
    3.13817e-12
     3.0497e-12
    2.96372e-12
    2.88017e-12
    2.79897e-12
    2.72007e-12
    2.64338e-12
    2.56886e-12
    2.49644e-12
    2.42606e-12
    2.35767e-12
     2.2912e-12
    2.22661e-12
    2.16384e-12
    2.10284e-12
    2.04355e-12
    1.98594e-12
    1.92996e-12
    1.87555e-12
    1.82267e-12
    1.77129e-12
    1.72135e-12
    1.67283e-12
    1.62567e-12
    1.57984e-12
     1.5353e-12
    1.49202e-12
    1.44995e-12
    1.40908e-12
    1.36935e-12
    1.33075e-12
    1.29323e-12
    1.25677e-12
    1.22134e-12
    1.18691e-12
    1.15345e-12
    1.12093e-12
    1.08933e-12
    1.05862e-12
    1.02878e-12
    9.99776e-13
    9.71591e-13
      9.442e-13
    9.17581e-13
    8.91713e-13
    8.66575e-13
    8.42145e-13
    8.18403e-13
    7.95331e-13
    7.72909e-13
     7.5112e-13
    7.29945e-13
    7.09366e-13
    6.89368e-13
    6.69934e-13
    6.51047e-13
    6.32693e-13
    6.14857e-13
    5.97523e-13
    5.80678e-13
    5.64308e-13
    5.48399e-13
    5.32939e-13
    5.17914e-13
    5.03313e-13
    4.89124e-13
    4.75335e-13
    4.61935e-13
    4.48912e-13
    4.36256e-13
    4.23958e-13
    4.12006e-13
    4.00391e-13
    3.89103e-13
    3.78133e-13
    3.67473e-13
    3.57114e-13
    3.47046e-13
    3.37262e-13
    3.27754e-13
    3.18514e-13
    3.09535e-13
    3.00809e-13
    2.92328e-13
    2.84087e-13
    2.76078e-13
    2.68295e-13
    2.60732e-13
    2.53381e-13
    2.46238e-13
    2.39296e-13
     2.3255e-13
    2.25994e-13
    2.19623e-13
    2.13431e-13
    2.07414e-13
    2.01567e-13
    1.95885e-13
    1.90362e-13
    1.84996e-13
     1.7978e-13
    1.74712e-13
    1.69787e-13
       1.65e-13
    1.60349e-13
    1.55828e-13
    1.51435e-13
    1.47166e-13
    1.43017e-13
    1.38985e-13
    1.35067e-13
    1.31259e-13
    1.27559e-13
    1.23963e-13
    1.20468e-13
    1.17072e-13
    1.13771e-13
    1.10564e-13
    1.07447e-13
    1.04418e-13
    1.01474e-13
    9.86135e-14
    9.58334e-14
    9.31317e-14
    9.05062e-14
    8.79547e-14
    8.54751e-14
    8.30654e-14
    8.07237e-14
    7.84479e-14
    7.62364e-14
    7.40871e-14
    7.19985e-14
    6.99688e-14
    6.79962e-14
    6.60793e-14
    6.42164e-14
    6.24061e-14
    6.06467e-14
     5.8937e-14
    5.72755e-14
    5.56608e-14
    5.40916e-14
    5.25667e-14
    5.10848e-14
    4.96446e-14
     4.8245e-14
    4.68849e-14
    4.55632e-14
    4.42787e-14
    4.30304e-14
    4.18173e-14
    4.06384e-14
    3.94927e-14
    3.83794e-14
    3.72974e-14
    3.62459e-14
    3.52241e-14
    3.42311e-14
    3.32661e-14
    3.23282e-14
    3.14168e-14
    3.05312e-14
    2.96704e-14
     2.8834e-14
    2.80211e-14
    2.72311e-14
    2.64635e-14
    2.57174e-14
    2.49924e-14
    2.42878e-14
    2.36031e-14
    2.29377e-14
    2.22911e-14
    2.16626e-14
    2.10519e-14
    2.04584e-14
    1.98817e-14
    1.93212e-14
    1.87765e-14
    1.82472e-14
    1.77327e-14
    1.72328e-14
     1.6747e-14
    1.62749e-14
    1.58161e-14
    1.53702e-14
    1.49369e-14
    1.45158e-14
    1.41066e-14
    1.37089e-14
    1.33224e-14
    1.29468e-14
    1.25818e-14
    1.22271e-14
    1.18824e-14
    1.15474e-14
    1.12219e-14
    1.09055e-14
    1.05981e-14
    1.02993e-14
     1.0009e-14
    9.72679e-15
