              0
              0
              0
              0
              0
              0
              0
              0
    0.000193934
     0.00138524
    0.000969902
     0.00167716
     0.00165344
       0.303335
       0.402998
     0.00274217
     0.00449933
     0.00449671
     0.00464598
       0.207828
     0.00365643
      0.0725168
       0.139974
      0.0040825
      0.0504046
      0.0965364
      0.0509269
       0.346467
      0.0507209
       0.051059
     0.00490888
     0.00467375
      0.0507951
       0.098555
      0.0571064
      0.0671736
     0.00435261
      0.0966612
      0.0044318
      0.0357464
      0.0671082
      0.0258083
      0.0188565
       0.150922
       0.109501
      0.0893129
      0.0184413
     0.00387038
     0.00378181
      0.0136895
      0.0135561
      0.0539809
      0.0181294
      0.0134763
      0.0180791
     0.00339646
      0.0178656
      0.0421637
     0.00319304
      0.0228976
      0.0274363
      0.0263471
      0.0241862
      0.0194954
      0.0219847
      0.0127354
     0.00735236
      0.0125689
      0.0215862
     0.00931328
     0.00254679
     0.00702526
     0.00242975
      0.0121819
     0.00230621
     0.00225759
     0.00434434
      0.0134359
     0.00832561
     0.00515892
     0.00200974
     0.00196084
     0.00613824
     0.00498744
     0.00325251
     0.00177825
     0.00694586
      0.0153574
     0.00765161
     0.00260934
     0.00468621
     0.00298034
     0.00671827
     0.00357753
     0.00881329
     0.00237132
      0.0111235
     0.00276053
     0.00273303
     0.00269669
     0.00221652
     0.00217533
     0.00591977
     0.00211876
     0.00275039
     0.00272837
      0.0010578
     0.00169571
     0.00100415
     0.00173743
     0.00238309
     0.00123612
     0.00202643
    0.000881775
     0.00152191
     0.00225934
     0.00230005
    0.000795477
     0.00174077
    0.000752878
     0.00184682
     0.00137332
     0.00121146
     0.00165189
    0.000659091
     0.00130301
     0.00123686
    0.000956427
     0.00160441
    0.000573557
    0.000866937
     0.00089657
     0.00073863
    0.000966767
    0.000503667
     0.00110185
    0.000827726
    0.000978176
    0.000592376
    0.000581172
    0.000427447
    0.000862683
     0.00061221
    0.000863472
    0.000777752
    0.000677767
    0.000363039
    0.000804268
    0.000389491
    0.000944976
    0.000325648
    0.000411998
    0.000993723
    0.000485232
    0.000499719
    0.000313963
    0.000467389
    0.000440574
    0.000633568
     0.00055853
    0.000312253
    0.000534956
    0.000540671
    0.000413383
    0.000429681
    0.000249895
     0.00027483
    0.000554652
    0.000241947
    0.000323729
    0.000208049
    0.000362247
    0.000186613
     0.00041106
    0.000226066
    0.000162893
    0.000158151
    0.000154075
    0.000150092
    0.000145575
    0.000195748
    0.000144362
    0.000148457
    0.000226194
    0.000142653
    0.000132726
     0.00011992
    0.000143582
    0.000157694
    0.000119736
    0.000132206
    0.000113706
    0.000105705
    0.000119103
    0.000108367
    9.31412e-05
    9.04478e-05
    0.000102048
    8.84654e-05
    0.000123814
    8.28388e-05
    8.81549e-05
    7.64383e-05
    7.63335e-05
    9.28655e-05
    7.02382e-05
    7.79406e-05
    6.63875e-05
    6.45485e-05
    6.91848e-05
    6.98078e-05
    7.41055e-05
    5.76916e-05
    9.71071e-05
    6.84917e-05
    5.29417e-05
     5.1476e-05
    7.04682e-05
    8.22525e-05
    4.73452e-05
    5.03912e-05
    4.47214e-05
    6.41163e-05
    5.00767e-05
    4.54532e-05
    5.07962e-05
    3.88066e-05
    6.84994e-05
    4.11209e-05
    4.81761e-05
    3.50774e-05
    3.37019e-05
    3.80856e-05
    3.18493e-05
    3.80606e-05
    3.10208e-05
     3.6385e-05
    3.49231e-05
    4.82524e-05
    2.76803e-05
    2.61263e-05
    2.53893e-05
    2.46704e-05
    2.62259e-05
    4.72177e-05
    2.40548e-05
    2.29722e-05
    2.27849e-05
    2.18878e-05
    2.02358e-05
    1.97972e-05
    2.10611e-05
    1.85922e-05
    1.80739e-05
    1.81824e-05
    2.36729e-05
     1.6571e-05
    1.61246e-05
    1.58575e-05
    1.77109e-05
    1.48939e-05
    1.48919e-05
    2.35115e-05
    1.50691e-05
    1.41525e-05
    1.28445e-05
    1.24822e-05
    1.21246e-05
    1.83343e-05
    1.20361e-05
    1.21431e-05
    1.38268e-05
    1.12765e-05
    1.26724e-05
    1.00309e-05
    1.00193e-05
    1.24008e-05
    1.01153e-05
     1.1047e-05
    8.62279e-06
    8.67699e-06
    8.14684e-06
    8.00995e-06
    8.13513e-06
    7.48021e-06
    7.27076e-06
    8.00927e-06
    7.14067e-06
    8.01683e-06
    6.92481e-06
    6.30802e-06
    6.51096e-06
    5.95391e-06
    5.79239e-06
    5.62685e-06
    5.51071e-06
    5.54331e-06
    5.20859e-06
    5.28018e-06
    4.87882e-06
    4.76074e-06
    4.65372e-06
    4.48041e-06
    4.35333e-06
    4.32535e-06
    4.11335e-06
    4.10442e-06
    3.88711e-06
    3.84086e-06
    4.12646e-06
    3.56697e-06
    3.49669e-06
    3.37472e-06
    3.36775e-06
     3.1826e-06
    3.09755e-06
    3.00733e-06
    3.31141e-06
    2.86997e-06
    2.75929e-06
    2.81927e-06
    2.74338e-06
    2.53636e-06
    2.46457e-06
    2.43655e-06
    2.42267e-06
    2.44685e-06
    2.33403e-06
    2.15177e-06
    2.09581e-06
    2.01797e-06
    1.97377e-06
    2.08534e-06
    2.06184e-06
    1.79928e-06
    1.76332e-06
    1.69956e-06
    1.78724e-06
    1.60659e-06
    1.56892e-06
    1.65393e-06
    1.47767e-06
    1.43665e-06
    1.39651e-06
    1.35265e-06
    1.50847e-06
      1.293e-06
    1.24406e-06
    1.22021e-06
    1.17355e-06
    1.13974e-06
    1.18297e-06
    1.08068e-06
    1.05331e-06
    1.03287e-06
    9.92562e-07
     9.6049e-07
    1.13488e-06
    9.08381e-07
    8.81958e-07
    8.56564e-07
    8.33871e-07
    8.11089e-07
    9.30439e-07
    7.77871e-07
    7.47113e-07
     7.2176e-07
    7.01434e-07
    6.83775e-07
    6.62557e-07
    6.44313e-07
    6.25957e-07
    6.08777e-07
    5.91738e-07
     5.7442e-07
    5.58235e-07
    5.48811e-07
    5.34048e-07
    5.12538e-07
    4.98085e-07
    4.86284e-07
    4.70329e-07
    4.57295e-07
    4.49876e-07
     4.3171e-07
    4.19535e-07
    4.07747e-07
    4.09945e-07
    3.89354e-07
    3.74395e-07
    3.63696e-07
    3.55491e-07
    3.43519e-07
    3.49372e-07
    3.33916e-07
    3.15358e-07
    3.07384e-07
    2.97835e-07
    2.90801e-07
    2.81913e-07
    2.73364e-07
    2.67817e-07
    2.78174e-07
    2.53848e-07
    2.44465e-07
    2.36983e-07
    2.39627e-07
    2.32333e-07
    2.17518e-07
    2.12008e-07
    2.14697e-07
    1.99659e-07
    1.94075e-07
    1.89194e-07
    1.83257e-07
    1.78115e-07
    1.73089e-07
     1.6829e-07
    1.64087e-07
    1.65115e-07
    1.54401e-07
    1.50052e-07
    1.45821e-07
     1.4172e-07
    1.37783e-07
    1.34488e-07
    1.30073e-07
     1.2642e-07
    1.22855e-07
    1.20756e-07
    1.16024e-07
    1.15661e-07
     1.0959e-07
    1.06487e-07
    1.03514e-07
    1.00584e-07
     9.7765e-08
    9.49943e-08
    9.23117e-08
     8.9714e-08
    8.71913e-08
    8.47723e-08
    8.23474e-08
    8.00271e-08
    7.77758e-08
    7.55801e-08
    7.34518e-08
    7.13851e-08
    6.94001e-08
    6.74273e-08
    6.55245e-08
    6.36717e-08
    6.18766e-08
     6.0153e-08
    5.84386e-08
    5.67971e-08
    5.51963e-08
    5.36469e-08
    5.21287e-08
    5.06714e-08
    4.92331e-08
    4.78457e-08
    4.64944e-08
    4.51911e-08
    4.39313e-08
     4.2678e-08
    4.14736e-08
    4.03073e-08
    3.91702e-08
     3.8066e-08
     3.6996e-08
    3.59641e-08
    3.49446e-08
    3.39542e-08
    3.29977e-08
     3.4967e-08
    3.11694e-08
    3.02853e-08
    2.94334e-08
    2.86032e-08
    2.77961e-08
    2.89871e-08
     2.6253e-08
    2.55169e-08
    2.47936e-08
    2.40943e-08
    2.34153e-08
    2.27565e-08
    2.21228e-08
    2.14918e-08
    2.08856e-08
    2.02978e-08
    1.97256e-08
    1.91695e-08
    1.86302e-08
    1.81097e-08
    1.75963e-08
    1.70985e-08
    1.66169e-08
    1.70601e-08
    1.56961e-08
    1.52506e-08
     1.4821e-08
    1.44035e-08
     1.3997e-08
    1.42241e-08
    1.38396e-08
    1.28488e-08
     1.2485e-08
    1.21328e-08
    1.17915e-08
    1.14593e-08
    1.11397e-08
    1.08222e-08
    1.05175e-08
    1.02213e-08
    9.93273e-09
     9.6528e-09
     9.3837e-09
    9.11771e-09
    8.85962e-09
    8.60993e-09
    8.36732e-09
    8.13286e-09
      7.902e-09
    7.67947e-09
    7.46295e-09
    7.25246e-09
    7.04905e-09
    6.84954e-09
    6.65745e-09
    6.46881e-09
    6.28646e-09
    6.10917e-09
    5.93723e-09
    5.77166e-09
    5.60709e-09
    5.44903e-09
    5.29557e-09
    5.14639e-09
    5.00126e-09
    4.86039e-09
    4.72459e-09
    4.59072e-09
    4.46091e-09
    4.33503e-09
    4.21298e-09
     4.0948e-09
    3.97865e-09
    3.86652e-09
    3.75757e-09
    3.65161e-09
    3.54916e-09
    3.44875e-09
    3.35198e-09
    3.25705e-09
    3.16523e-09
    3.07597e-09
    2.98937e-09
    2.90594e-09
    2.82315e-09
    2.74356e-09
     2.6663e-09
    2.59118e-09
    2.51812e-09
    2.44777e-09
    2.37846e-09
    2.31118e-09
      2.246e-09
    2.18271e-09
     2.1215e-09
    2.06134e-09
    2.00325e-09
    1.94679e-09
     1.8919e-09
    1.83879e-09
    1.78678e-09
    1.73663e-09
    1.68747e-09
     1.6399e-09
    1.59365e-09
    1.54878e-09
    1.50551e-09
    1.46267e-09
    1.42143e-09
    1.38139e-09
    1.34247e-09
    1.30462e-09
    1.26787e-09
    1.23238e-09
     1.1975e-09
    1.16365e-09
    1.13082e-09
    1.09898e-09
    1.06812e-09
    1.03786e-09
    1.00861e-09
    9.80183e-10
    9.52544e-10
    9.25706e-10
    8.99622e-10
    8.74254e-10
    8.49612e-10
    8.25655e-10
     8.0238e-10
    7.79763e-10
    7.57778e-10
    7.36414e-10
    7.15647e-10
    6.95473e-10
    6.75869e-10
    6.56815e-10
    6.38299e-10
    6.20304e-10
    6.02818e-10
    5.85823e-10
    5.69309e-10
    5.53258e-10
    5.37661e-10
    5.22503e-10
    5.07773e-10
    4.93458e-10
    4.79546e-10
    4.66027e-10
     4.5289e-10
    4.40122e-10
    4.27714e-10
    4.15656e-10
    4.03938e-10
    3.92551e-10
    3.81484e-10
    3.70729e-10
    3.60278e-10
    3.50121e-10
    3.40251e-10
    3.30658e-10
    3.21337e-10
    3.12278e-10
    3.03474e-10
    2.94919e-10
    2.86604e-10
    2.78525e-10
    2.70673e-10
    2.63042e-10
    2.55626e-10
     2.4842e-10
    2.41416e-10
    2.34611e-10
    2.27997e-10
    2.21569e-10
    2.15323e-10
    2.09252e-10
    2.03353e-10
     1.9762e-10
    1.92049e-10
    1.86635e-10
    1.81373e-10
     1.7626e-10
    1.71291e-10
    1.66462e-10
    1.61769e-10
    1.57209e-10
    1.52777e-10
     1.4847e-10
    1.44284e-10
    1.40217e-10
    1.36264e-10
    1.32422e-10
    1.28689e-10
    1.25061e-10
    1.21535e-10
    1.18109e-10
    1.14779e-10
    1.11544e-10
    1.08399e-10
    1.05343e-10
    1.02373e-10
    9.94872e-11
    9.66825e-11
    9.39569e-11
    9.13081e-11
     8.8734e-11
    8.62324e-11
    8.38014e-11
    8.14389e-11
     7.9143e-11
    7.69119e-11
    7.47436e-11
    7.26365e-11
    7.05887e-11
    6.85987e-11
    6.66648e-11
    6.47854e-11
     6.2959e-11
    6.11841e-11
    5.94592e-11
     5.7783e-11
     5.6154e-11
    5.45709e-11
    5.30325e-11
    5.15374e-11
    5.00845e-11
    4.86725e-11
    4.73004e-11
    4.59669e-11
     4.4671e-11
    4.34117e-11
    4.21878e-11
    4.09985e-11
    3.98427e-11
    3.87194e-11
    3.76279e-11
    3.65671e-11
    3.55362e-11
    3.45344e-11
    3.35608e-11
    3.26147e-11
    3.16952e-11
    3.08017e-11
    2.99333e-11
    2.90895e-11
    2.82694e-11
    2.74724e-11
    2.66979e-11
    2.59453e-11
    2.52138e-11
     2.4503e-11
    2.38122e-11
    2.31409e-11
    2.24886e-11
    2.18546e-11
    2.12385e-11
    2.06397e-11
    2.00578e-11
    1.94924e-11
    1.89429e-11
    1.84088e-11
    1.78899e-11
    1.73855e-11
    1.68954e-11
    1.64191e-11
    1.59562e-11
    1.55064e-11
    1.50692e-11
    1.46444e-11
    1.42316e-11
    1.38303e-11
    1.34404e-11
    1.30615e-11
    1.26933e-11
    1.23355e-11
    1.19877e-11
    1.16498e-11
    1.13213e-11
    1.10022e-11
     1.0692e-11
    1.03906e-11
    1.00976e-11
    9.81298e-12
    9.53634e-12
    9.26749e-12
    9.00623e-12
    8.75233e-12
    8.50559e-12
     8.2658e-12
    8.03277e-12
    7.80632e-12
    7.58624e-12
    7.37238e-12
    7.16454e-12
    6.96256e-12
    6.76627e-12
    6.57552e-12
    6.39015e-12
       6.21e-12
    6.03493e-12
    5.86479e-12
    5.69946e-12
    5.53878e-12
    5.38263e-12
    5.23089e-12
    5.08342e-12
    4.94011e-12
    4.80084e-12
     4.6655e-12
    4.53397e-12
    4.40615e-12
    4.28193e-12
    4.16122e-12
    4.04391e-12
     3.9299e-12
    3.81911e-12
    3.71145e-12
    3.60682e-12
    3.50513e-12
    3.40632e-12
    3.31029e-12
    3.21697e-12
    3.12628e-12
    3.03814e-12
    2.95249e-12
    2.86926e-12
    2.78837e-12
    2.70976e-12
    2.63337e-12
    2.55913e-12
    2.48698e-12
    2.41687e-12
    2.34873e-12
    2.28252e-12
    2.21817e-12
    2.15564e-12
    2.09487e-12
    2.03581e-12
    1.97842e-12
    1.92264e-12
    1.86844e-12
    1.81577e-12
    1.76458e-12
    1.71483e-12
    1.66649e-12
    1.61951e-12
    1.57385e-12
    1.52948e-12
    1.48636e-12
    1.44446e-12
    1.40374e-12
    1.36416e-12
    1.32571e-12
    1.28833e-12
    1.25201e-12
    1.21672e-12
    1.18241e-12
    1.14908e-12
    1.11669e-12
     1.0852e-12
    1.05461e-12
    1.02488e-12
    9.95987e-13
    9.67909e-13
    9.40622e-13
    9.14104e-13
    8.88334e-13
    8.63291e-13
    8.38953e-13
    8.15302e-13
    7.92317e-13
     7.6998e-13
    7.48274e-13
    7.27179e-13
    7.06678e-13
    6.86756e-13
    6.67395e-13
     6.4858e-13
    6.30296e-13
    6.12527e-13
    5.95259e-13
    5.78477e-13
    5.62169e-13
    5.46321e-13
    5.30919e-13
    5.15952e-13
    5.01406e-13
    4.87271e-13
    4.73534e-13
    4.60184e-13
    4.47211e-13
    4.34603e-13
    4.22351e-13
    4.10444e-13
    3.98873e-13
    3.87628e-13
    3.76701e-13
    3.66081e-13
     3.5576e-13
    3.45731e-13
    3.35984e-13
    3.26512e-13
    3.17307e-13
    3.08362e-13
    2.99669e-13
    2.91221e-13
    2.83011e-13
    2.75032e-13
    2.67279e-13
    2.59744e-13
    2.52421e-13
    2.45305e-13
    2.38389e-13
    2.31669e-13
    2.25138e-13
    2.18791e-13
    2.12623e-13
    2.06628e-13
    2.00803e-13
    1.95142e-13
    1.89641e-13
    1.84295e-13
    1.79099e-13
     1.7405e-13
    1.69143e-13
    1.64375e-13
    1.59741e-13
    1.55238e-13
    1.50861e-13
    1.46608e-13
    1.42475e-13
    1.38458e-13
    1.34555e-13
    1.30762e-13
    1.27075e-13
    1.23493e-13
    1.20011e-13
    1.16628e-13
     1.1334e-13
    1.10145e-13
     1.0704e-13
    1.04022e-13
     1.0109e-13
    9.82398e-14
    9.54702e-14
    9.27788e-14
    9.01632e-14
    8.76214e-14
    8.51512e-14
    8.27506e-14
    8.04178e-14
    7.81506e-14
    7.59475e-14
    7.38064e-14
    7.17257e-14
    6.97036e-14
    6.77385e-14
    6.58289e-14
    6.39731e-14
    6.21696e-14
    6.04169e-14
    5.87137e-14
    5.70584e-14
    5.54499e-14
    5.38866e-14
    5.23675e-14
    5.08912e-14
    4.94565e-14
    4.80622e-14
    4.67073e-14
    4.53905e-14
    4.41109e-14
    4.28673e-14
    4.16588e-14
    4.04844e-14
    3.93431e-14
    3.82339e-14
    3.71561e-14
    3.61086e-14
    3.50906e-14
    3.41014e-14
      3.314e-14
    3.22057e-14
    3.12978e-14
    3.04155e-14
     2.9558e-14
    2.87247e-14
    2.79149e-14
     2.7128e-14
    2.63632e-14
      2.562e-14
    2.48977e-14
    2.41958e-14
    2.35137e-14
    2.28508e-14
    2.22066e-14
    2.15805e-14
    2.09722e-14
    2.03809e-14
    1.98063e-14
     1.9248e-14
    1.87053e-14
     1.8178e-14
    1.76655e-14
    1.71675e-14
    1.66835e-14
    1.62132e-14
    1.57561e-14
    1.53119e-14
    1.48803e-14
    1.44608e-14
    1.40531e-14
    1.36569e-14
    1.32719e-14
    1.28978e-14
    1.25341e-14
    1.21808e-14
    1.18374e-14
    1.15037e-14
    1.11794e-14
    1.08642e-14
    1.05579e-14
    1.02603e-14
    9.97103e-15
