              0
              0
              0
              0
              0
              0
              0
              0
    0.000176124
     0.00137139
    0.000991438
        1.09888
       0.103005
     0.00389702
     0.00254268
     0.00458096
     0.00534448
      0.0050269
       0.140034
     0.00375347
     0.00435372
       0.139852
      0.0037292
     0.00389517
       0.140032
       0.142999
      0.0966612
     0.00499506
     0.00490296
     0.00497424
     0.00468717
        0.15972
        0.20563
     0.00441905
     0.00432832
     0.00424594
      0.0671069
       0.093307
      0.0044818
      0.0673041
      0.0671325
      0.0471333
     0.00412477
      0.0355305
      0.0543613
      0.0330251
     0.00376992
      0.0464048
     0.00378177
     0.00371558
     0.00378369
      0.0037078
       0.003681
      0.0616199
       0.032466
     0.00337403
     0.00325299
      0.0229912
     0.00313208
      0.0362544
       0.049653
        0.05178
     0.00295128
      0.0226542
      0.0120486
      0.0225982
      0.0118727
     0.00271269
      0.0160293
     0.00256832
     0.00247662
      0.0158674
     0.00240191
     0.00233963
     0.00227431
     0.00224808
     0.00840387
      0.0021588
     0.00208995
      0.0154572
     0.00621733
     0.00193914
     0.00810372
     0.00184062
      0.0109238
     0.00598487
     0.00173254
     0.00591265
     0.00585597
     0.00160947
     0.00776986
     0.00153218
     0.00148244
     0.00144574
     0.00140894
       0.001384
      0.0107273
     0.00419006
     0.00415218
     0.00547177
     0.00449777
     0.00119205
     0.00426096
     0.00822316
     0.00396939
     0.00106801
     0.00586459
     0.00101973
     0.00409276
    0.000971625
     0.00379966
     0.00287347
    0.000896829
     0.00373915
    0.000848788
     0.00172833
    0.000806076
     0.00229876
    0.000761886
    0.000742221
    0.000722876
      0.0016088
     0.00249055
     0.00170034
    0.000650564
     0.00195988
    0.000898799
    0.000597013
     0.00119519
     0.00147033
     0.00116749
    0.000821391
    0.000940951
     0.00112333
    0.000497692
    0.000482974
    0.000888528
    0.000874746
     0.00086328
    0.000432771
    0.000419775
        0.00041
    0.000399641
    0.000388805
    0.000572216
    0.000369183
    0.000357559
    0.000438649
    0.000756188
    0.000419714
    0.000513535
     0.00031209
    0.000434359
    0.000295079
     0.00037676
     0.00089345
    0.000539906
    0.000264928
    0.000258389
    0.000574812
    0.000436337
    0.000237538
    0.000230133
    0.000224315
    0.000217751
    0.000212103
    0.000426936
     0.00020058
     0.00032739
    0.000190098
    0.000184391
    0.000207727
    0.000174529
    0.000170067
    0.000296356
    0.000160669
     0.00015628
    0.000152159
    0.000147646
    0.000143828
    0.000140118
    0.000196787
      0.0001604
    0.000321493
    0.000256233
     0.00014055
    0.000118473
    0.000114741
    0.000111571
    0.000108809
    0.000105713
    0.000172087
    0.000160851
    0.000119111
    0.000183683
    9.18695e-05
    8.92904e-05
    8.67757e-05
    0.000173603
    8.20178e-05
    7.97112e-05
     7.7557e-05
    7.54657e-05
    7.92796e-05
     9.9454e-05
    6.93091e-05
      8.043e-05
    8.45821e-05
     6.7803e-05
    7.34307e-05
    7.92556e-05
    5.84261e-05
    6.09549e-05
    6.12669e-05
     8.1738e-05
    6.10883e-05
    5.08434e-05
    5.75868e-05
        5.4e-05
    4.67073e-05
    4.53991e-05
    4.41366e-05
     4.4148e-05
    4.16822e-05
    4.05624e-05
    3.93965e-05
    3.83179e-05
    3.72308e-05
    3.62004e-05
    3.51893e-05
    4.85592e-05
    3.32527e-05
    3.23236e-05
    3.51718e-05
    3.17969e-05
    4.87405e-05
    3.76899e-05
    2.80467e-05
    2.72963e-05
    2.79965e-05
    2.57534e-05
    2.69165e-05
    2.43417e-05
    2.77244e-05
    2.57848e-05
    2.23551e-05
    2.17209e-05
    2.11105e-05
      2.114e-05
    1.99561e-05
    1.93934e-05
    1.88632e-05
    1.83426e-05
    2.05819e-05
    2.15754e-05
    1.68325e-05
    1.66324e-05
    1.58967e-05
    1.54461e-05
    1.50246e-05
    1.46069e-05
    1.60812e-05
    1.38003e-05
    1.34133e-05
    1.30369e-05
    1.26665e-05
    1.23097e-05
    1.22428e-05
    1.16246e-05
    1.13039e-05
    1.09848e-05
    1.09572e-05
    1.03859e-05
    1.00955e-05
    9.80938e-06
    9.53354e-06
    9.85799e-06
    9.13121e-06
    8.75695e-06
    9.38456e-06
    8.26929e-06
    8.21978e-06
    7.86775e-06
    7.59131e-06
    1.14577e-05
    7.45302e-06
    6.97431e-06
    6.77989e-06
     7.1814e-06
    6.99533e-06
    8.50287e-06
    6.04728e-06
    6.00079e-06
    6.57045e-06
    6.85988e-06
    5.42388e-06
    5.24359e-06
    5.18414e-06
    4.99505e-06
     4.8171e-06
    4.68125e-06
     4.5484e-06
    4.42042e-06
    4.29701e-06
    4.17472e-06
    4.05717e-06
     3.9427e-06
    3.83276e-06
    3.75269e-06
    3.62249e-06
    3.53079e-06
    3.56614e-06
    3.39624e-06
     3.2555e-06
    3.41574e-06
    3.05141e-06
    3.02422e-06
    2.88248e-06
    2.80197e-06
    2.74116e-06
    2.70599e-06
    2.63172e-06
    2.52727e-06
    2.42992e-06
    2.40459e-06
    2.29467e-06
    2.24914e-06
    2.16737e-06
     2.1064e-06
    2.04711e-06
    1.98921e-06
     1.9424e-06
    1.88044e-06
    2.02612e-06
    1.78173e-06
     1.7251e-06
    1.69516e-06
    1.93094e-06
    1.58384e-06
    1.61875e-06
    1.51463e-06
    1.45339e-06
    1.41894e-06
    1.37309e-06
    1.34324e-06
    1.50094e-06
    1.27329e-06
    1.31087e-06
    1.23393e-06
    1.24901e-06
    1.12589e-06
    1.11984e-06
    1.07057e-06
    1.03476e-06
    1.00302e-06
    9.74821e-07
    9.66413e-07
    9.53925e-07
    8.94937e-07
    8.69861e-07
    8.53687e-07
    8.21654e-07
    7.98152e-07
    7.81541e-07
    7.53941e-07
     7.3287e-07
    7.12097e-07
     6.9246e-07
    7.59074e-07
    6.55503e-07
    6.35397e-07
    6.17322e-07
    6.00131e-07
    5.83262e-07
    6.06502e-07
    5.52086e-07
    5.35248e-07
    5.20105e-07
    5.05508e-07
    4.91631e-07
     6.6397e-07
    4.99684e-07
    4.51066e-07
    4.38274e-07
    4.29899e-07
    4.15861e-07
    4.02277e-07
    3.94864e-07
    3.79949e-07
     3.6932e-07
    3.62579e-07
    3.48819e-07
    3.39014e-07
    3.29486e-07
    3.47209e-07
     3.6969e-07
    3.02363e-07
    2.93904e-07
    2.86809e-07
    2.77488e-07
    2.69716e-07
    2.62109e-07
    2.54751e-07
    2.47652e-07
    2.42439e-07
    2.52263e-07
    2.27243e-07
     2.2082e-07
    2.14655e-07
    2.08568e-07
    2.02681e-07
    1.96977e-07
    1.91483e-07
    1.86027e-07
    1.80855e-07
    1.75773e-07
     1.7076e-07
     1.6596e-07
    1.61282e-07
    1.56745e-07
    1.52349e-07
    1.48015e-07
    1.43859e-07
    1.39815e-07
    1.35868e-07
    1.32043e-07
    1.28388e-07
     1.2475e-07
    1.21197e-07
    1.17788e-07
    1.14471e-07
    1.11258e-07
    1.08124e-07
    1.05057e-07
    1.02102e-07
    9.92283e-08
    9.64559e-08
    9.37154e-08
    9.10984e-08
    8.85332e-08
    8.60186e-08
    8.36018e-08
    8.12392e-08
    7.89594e-08
    7.67389e-08
    7.45638e-08
    7.24634e-08
    7.04249e-08
    6.84369e-08
    6.65106e-08
    6.46639e-08
    8.12595e-08
    6.10573e-08
    5.93253e-08
     5.7657e-08
    5.60428e-08
    5.44506e-08
    6.54479e-08
    5.14275e-08
    4.99913e-08
    4.85705e-08
    4.72124e-08
     4.5885e-08
    4.45818e-08
    4.33292e-08
    4.21007e-08
    4.09199e-08
    3.97709e-08
     3.8642e-08
    3.75538e-08
    3.64972e-08
    3.54694e-08
     3.4468e-08
    3.35105e-08
    3.25604e-08
     3.1638e-08
    3.07458e-08
    2.98778e-08
    3.17181e-08
    2.82219e-08
    2.74223e-08
    2.66493e-08
    2.58993e-08
    2.51744e-08
    2.44597e-08
    2.37751e-08
    2.31061e-08
    2.24511e-08
    2.18197e-08
    2.12018e-08
    2.06065e-08
    2.00272e-08
    1.94599e-08
     1.8911e-08
     1.8379e-08
    1.78611e-08
     1.7357e-08
    1.68739e-08
    1.63966e-08
    1.59315e-08
     1.5483e-08
    1.50453e-08
    1.46227e-08
    1.42112e-08
    1.38092e-08
    1.34195e-08
    1.30417e-08
    1.26765e-08
     1.2317e-08
    1.19725e-08
    1.16354e-08
    1.13054e-08
    1.09872e-08
    1.06767e-08
    1.03777e-08
    1.00831e-08
    9.79921e-09
    9.52276e-09
     9.2549e-09
    8.99355e-09
    8.74295e-09
    8.49553e-09
    8.25502e-09
    8.02203e-09
     7.7958e-09
    7.57657e-09
    7.36347e-09
    7.15495e-09
    6.95334e-09
    6.75734e-09
    6.56812e-09
    6.38195e-09
    6.20292e-09
    6.02819e-09
    5.85758e-09
    5.69221e-09
    5.53167e-09
    5.37605e-09
    5.22497e-09
      5.077e-09
    4.93389e-09
    4.79493e-09
     4.6599e-09
    4.52841e-09
    4.40206e-09
    4.27739e-09
    4.15639e-09
    4.03908e-09
     3.9252e-09
    3.81466e-09
    3.70749e-09
    3.60251e-09
    3.50101e-09
    3.40234e-09
    3.30701e-09
    3.21331e-09
    3.12312e-09
    3.03513e-09
    2.94926e-09
    2.86601e-09
    2.78518e-09
     2.7071e-09
    2.63043e-09
    2.55625e-09
     2.4842e-09
    2.41429e-09
    2.34617e-09
    2.28063e-09
    2.21611e-09
    2.15342e-09
    2.09266e-09
    2.03363e-09
    1.97637e-09
    1.92082e-09
    1.86646e-09
    1.81387e-09
    1.76274e-09
    1.71332e-09
     1.6648e-09
    1.61806e-09
    1.57246e-09
      1.528e-09
    1.48487e-09
    1.44299e-09
    1.40238e-09
    1.36295e-09
    1.32438e-09
    1.28705e-09
     1.2508e-09
    1.21557e-09
    1.18127e-09
    1.14825e-09
    1.11576e-09
    1.08421e-09
    1.05362e-09
    1.02391e-09
    9.95073e-10
    9.67007e-10
    9.39737e-10
    9.13257e-10
    8.87517e-10
     8.6251e-10
    8.38199e-10
    8.14566e-10
    7.91594e-10
    7.69279e-10
    7.47583e-10
    7.26509e-10
    7.06029e-10
    6.86125e-10
    6.66783e-10
    6.47983e-10
    6.29717e-10
    6.11966e-10
    5.94714e-10
    5.77948e-10
    5.61654e-10
    5.45821e-10
    5.30432e-10
    5.15479e-10
    5.00946e-10
    4.86824e-10
      4.731e-10
    4.59762e-10
    4.46801e-10
    4.34205e-10
    4.21964e-10
    4.10068e-10
    3.98508e-10
    3.87273e-10
    3.76355e-10
    3.65745e-10
    3.55434e-10
    3.45414e-10
    3.35676e-10
    3.26213e-10
    3.17017e-10
    3.08079e-10
    2.99394e-10
    2.90954e-10
    2.82751e-10
     2.7478e-10
    2.67034e-10
    2.59506e-10
     2.5219e-10
     2.4508e-10
    2.38171e-10
    2.31456e-10
    2.24931e-10
     2.1859e-10
    2.12428e-10
    2.06439e-10
    2.00619e-10
    1.94963e-10
    1.89467e-10
    1.84126e-10
    1.78935e-10
    1.73891e-10
    1.68988e-10
    1.64224e-10
    1.59594e-10
    1.55095e-10
    1.50723e-10
    1.46474e-10
    1.42344e-10
    1.38332e-10
    1.34432e-10
    1.30642e-10
    1.26959e-10
     1.2338e-10
    1.19901e-10
    1.16521e-10
    1.13236e-10
    1.10044e-10
    1.06942e-10
    1.03927e-10
    1.00997e-10
    9.81497e-11
    9.53827e-11
    9.26937e-11
    9.00806e-11
     8.7541e-11
    8.50731e-11
    8.26748e-11
     8.0344e-11
     7.8079e-11
    7.58779e-11
    7.37387e-11
    7.16599e-11
    6.96397e-11
    6.76765e-11
    6.57686e-11
    6.39144e-11
    6.21126e-11
    6.03615e-11
    5.86599e-11
    5.70061e-11
     5.5399e-11
    5.38373e-11
    5.23195e-11
    5.08445e-11
    4.94111e-11
    4.80182e-11
    4.66645e-11
    4.53489e-11
    4.40705e-11
     4.2828e-11
    4.16207e-11
    4.04473e-11
     3.9307e-11
    3.81989e-11
     3.7122e-11
    3.60755e-11
    3.50585e-11
    3.40701e-11
    3.31096e-11
    3.21762e-11
    3.12691e-11
    3.03876e-11
    2.95309e-11
    2.86984e-11
    2.78893e-11
    2.71031e-11
     2.6339e-11
    2.55965e-11
    2.48749e-11
    2.41736e-11
    2.34921e-11
    2.28298e-11
    2.21862e-11
    2.15608e-11
    2.09529e-11
    2.03622e-11
    1.97882e-11
    1.92303e-11
    1.86882e-11
    1.81613e-11
    1.76494e-11
    1.71518e-11
    1.66683e-11
    1.61983e-11
    1.57417e-11
    1.52979e-11
    1.48666e-11
    1.44475e-11
    1.40402e-11
    1.36444e-11
    1.32598e-11
    1.28859e-11
    1.25227e-11
    1.21696e-11
    1.18265e-11
    1.14931e-11
    1.11691e-11
    1.08543e-11
    1.05483e-11
    1.02509e-11
     9.9619e-12
    9.68105e-12
    9.40813e-12
     9.1429e-12
    8.88515e-12
    8.63466e-12
    8.39124e-12
    8.15467e-12
    7.92478e-12
    7.70137e-12
    7.48425e-12
    7.27326e-12
    7.06822e-12
    6.86895e-12
    6.67531e-12
    6.48712e-12
    6.30424e-12
    6.12651e-12
    5.95379e-12
    5.78595e-12
    5.62283e-12
    5.46432e-12
    5.31027e-12
    5.16056e-12
    5.01508e-12
     4.8737e-12
     4.7363e-12
    4.60278e-12
    4.47302e-12
    4.34691e-12
    4.22437e-12
    4.10528e-12
    3.98954e-12
    3.87707e-12
    3.76777e-12
    3.66155e-12
    3.55833e-12
    3.45801e-12
    3.36052e-12
    3.26579e-12
    3.17372e-12
    3.08425e-12
     2.9973e-12
     2.9128e-12
    2.83068e-12
    2.75088e-12
    2.67333e-12
    2.59796e-12
    2.52472e-12
    2.45355e-12
    2.38438e-12
    2.31716e-12
    2.25183e-12
    2.18835e-12
    2.12666e-12
     2.0667e-12
    2.00844e-12
    1.95182e-12
    1.89679e-12
    1.84332e-12
    1.79135e-12
    1.74085e-12
    1.69178e-12
    1.64408e-12
    1.59773e-12
    1.55269e-12
    1.50892e-12
    1.46638e-12
    1.42504e-12
    1.38487e-12
    1.34582e-12
    1.30788e-12
    1.27101e-12
    1.23518e-12
    1.20036e-12
    1.16652e-12
    1.13363e-12
    1.10167e-12
    1.07062e-12
    1.04043e-12
     1.0111e-12
    9.82597e-13
    9.54896e-13
    9.27976e-13
    9.01815e-13
    8.76391e-13
    8.51685e-13
    8.27674e-13
    8.04341e-13
    7.81665e-13
    7.59629e-13
    7.38214e-13
    7.17402e-13
    6.97178e-13
    6.77523e-13
    6.58423e-13
    6.39861e-13
    6.21822e-13
    6.04292e-13
    5.87256e-13
      5.707e-13
    5.54611e-13
    5.38976e-13
    5.23781e-13
    5.09015e-13
    4.94665e-13
     4.8072e-13
    4.67168e-13
    4.53997e-13
    4.41198e-13
     4.2876e-13
    4.16673e-13
    4.04926e-13
    3.93511e-13
    3.82417e-13
    3.71636e-13
    3.61159e-13
    3.50978e-13
    3.41083e-13
    3.31467e-13
    3.22123e-13
    3.13042e-13
    3.04216e-13
     2.9564e-13
    2.87305e-13
    2.79206e-13
    2.71335e-13
    2.63685e-13
    2.56252e-13
    2.49027e-13
    2.42007e-13
    2.35184e-13
    2.28554e-13
    2.22111e-13
    2.15849e-13
    2.09764e-13
    2.03851e-13
    1.98104e-13
    1.92519e-13
    1.87091e-13
    1.81817e-13
    1.76691e-13
     1.7171e-13
    1.66869e-13
    1.62165e-13
    1.57593e-13
    1.53151e-13
    1.48833e-13
    1.44637e-13
     1.4056e-13
    1.36597e-13
    1.32746e-13
    1.29004e-13
    1.25367e-13
    1.21833e-13
    1.18398e-13
     1.1506e-13
    1.11816e-13
    1.08664e-13
    1.05601e-13
    1.02624e-13
    9.97306e-14
     9.6919e-14
    9.41867e-14
    9.15315e-14
     8.8951e-14
    8.64434e-14
    8.40064e-14
    8.16381e-14
    7.93366e-14
       7.71e-14
    7.49264e-14
    7.28141e-14
    7.07614e-14
    6.87665e-14
    6.68279e-14
    6.49439e-14
     6.3113e-14
    6.13338e-14
    5.96047e-14
    5.79243e-14
    5.62913e-14
    5.47044e-14
    5.31622e-14
    5.16635e-14
     5.0207e-14
    4.87916e-14
    4.74161e-14
    4.60793e-14
    4.47803e-14
    4.35179e-14
     4.2291e-14
    4.10988e-14
    3.99401e-14
    3.88142e-14
    3.77199e-14
    3.66565e-14
    3.56231e-14
    3.46189e-14
    3.36429e-14
    3.26945e-14
    3.17728e-14
     3.0877e-14
    3.00066e-14
    2.91606e-14
    2.83385e-14
    2.75396e-14
    2.67632e-14
    2.60087e-14
    2.52755e-14
     2.4563e-14
    2.38705e-14
    2.31975e-14
    2.25436e-14
     2.1908e-14
    2.12904e-14
    2.06902e-14
    2.01069e-14
    1.95401e-14
    1.89892e-14
    1.84539e-14
    1.79336e-14
     1.7428e-14
    1.69367e-14
    1.64592e-14
    1.59952e-14
    1.55443e-14
    1.51061e-14
    1.46802e-14
    1.42664e-14
    1.38642e-14
    1.34733e-14
    1.30935e-14
    1.27244e-14
    1.23656e-14
     1.2017e-14
    1.16783e-14
     1.1349e-14
    1.10291e-14
    1.07182e-14
     1.0416e-14
    1.01223e-14
    9.83698e-15
